# OpenSignals Text File Format. Version 1
# {"98:D3:51:FD:8E:66": {"position": 0, "device": "bitalino_rev", "device name": "98:D3:51:FD:8E:66", "device connection": "BTH98:D3:51:FD:8E:66", "sampling rate": 100, "resolution": [4, 1, 1, 1, 1, 10, 10], "firmware version": 1281, "comments": "", "keywords": "", "mode": 0, "sync interval": 2, "date": "2023-5-30", "time": "14:26:57.892", "channels": [1, 2], "sensor": ["RAW", "RESPBIT"], "label": ["A1", "A2"], "column": ["nSeq", "I1", "I2", "O1", "O2", "A1", "A2"], "special": [{}, {}], "digital IO": [0, 0, 1, 1]}}
# EndOfHeader
0	0	0	0	0	731	543	
1	0	0	0	0	692	541	
2	0	0	0	0	651	540	
3	0	0	0	0	610	538	
4	0	0	0	0	571	538	
5	0	0	0	0	534	536	
6	0	0	0	0	503	535	
7	0	0	0	0	474	534	
8	0	0	0	0	452	532	
9	0	0	0	0	434	531	
10	0	0	0	0	422	529	
11	0	0	0	0	416	528	
12	0	0	0	0	413	527	
13	0	0	0	0	415	527	
14	0	0	0	0	419	526	
15	0	0	0	0	427	525	
0	0	0	0	0	438	524	
1	0	0	0	0	451	523	
2	0	0	0	0	467	523	
3	0	0	0	0	483	521	
4	0	0	0	0	499	520	
5	0	0	0	0	513	519	
6	0	0	0	0	526	518	
7	0	0	0	0	536	517	
8	0	0	0	0	544	516	
9	0	0	0	0	548	515	
10	0	0	0	0	548	515	
11	0	0	0	0	548	514	
12	0	0	0	0	544	513	
13	0	0	0	0	539	512	
14	0	0	0	0	532	511	
15	0	0	0	0	526	511	
0	0	0	0	0	518	510	
1	0	0	0	0	510	509	
2	0	0	0	0	503	508	
3	0	0	0	0	496	507	
4	0	0	0	0	492	507	
5	0	0	0	0	487	505	
6	0	0	0	0	485	504	
7	0	0	0	0	481	502	
8	0	0	0	0	478	500	
9	0	0	0	0	475	499	
10	0	0	0	0	472	499	
11	0	0	0	0	471	499	
12	0	0	0	0	471	499	
13	0	0	0	0	470	500	
14	0	0	0	0	471	503	
15	0	0	0	0	470	504	
0	0	0	0	0	470	506	
1	0	0	0	0	471	507	
2	0	0	0	0	471	507	
3	0	0	0	0	472	507	
4	0	0	0	0	473	506	
5	0	0	0	0	477	506	
6	0	0	0	0	483	506	
7	0	0	0	0	496	505	
8	0	0	0	0	516	504	
9	0	0	0	0	544	504	
10	0	0	0	0	581	504	
11	0	0	0	0	626	503	
12	0	0	0	0	674	503	
13	0	0	0	0	720	501	
14	0	0	0	0	760	501	
15	0	0	0	0	791	500	
0	0	0	0	0	808	500	
1	0	0	0	0	812	500	
2	0	0	0	0	802	499	
3	0	0	0	0	780	498	
4	0	0	0	0	749	497	
5	0	0	0	0	710	497	
6	0	0	0	0	669	497	
7	0	0	0	0	626	497	
8	0	0	0	0	583	497	
9	0	0	0	0	544	497	
10	0	0	0	0	509	498	
11	0	0	0	0	478	498	
12	0	0	0	0	451	499	
13	0	0	0	0	428	499	
14	0	0	0	0	411	499	
15	0	0	0	0	398	499	
0	0	0	0	0	391	499	
1	0	0	0	0	388	499	
2	0	0	0	0	389	500	
3	0	0	0	0	395	500	
4	0	0	0	0	407	501	
5	0	0	0	0	421	501	
6	0	0	0	0	439	501	
7	0	0	0	0	456	501	
8	0	0	0	0	475	502	
9	0	0	0	0	493	502	
10	0	0	0	0	509	502	
11	0	0	0	0	524	502	
12	0	0	0	0	536	502	
13	0	0	0	0	543	503	
14	0	0	0	0	547	503	
15	0	0	0	0	546	503	
0	0	0	0	0	545	503	
1	0	0	0	0	541	503	
2	0	0	0	0	536	503	
3	0	0	0	0	528	503	
4	0	0	0	0	519	503	
5	0	0	0	0	510	504	
6	0	0	0	0	500	504	
7	0	0	0	0	491	504	
8	0	0	0	0	483	504	
9	0	0	0	0	477	503	
10	0	0	0	0	472	502	
11	0	0	0	0	467	502	
12	0	0	0	0	465	502	
13	0	0	0	0	463	502	
14	0	0	0	0	463	502	
15	0	0	0	0	463	503	
0	0	0	0	0	464	505	
1	0	0	0	0	463	508	
2	0	0	0	0	462	511	
3	0	0	0	0	464	514	
4	0	0	0	0	466	516	
5	0	0	0	0	466	517	
6	0	0	0	0	467	517	
7	0	0	0	0	470	518	
8	0	0	0	0	471	517	
9	0	0	0	0	476	518	
10	0	0	0	0	487	518	
11	0	0	0	0	508	518	
12	0	0	0	0	539	518	
13	0	0	0	0	580	517	
14	0	0	0	0	628	518	
15	0	0	0	0	676	517	
0	0	0	0	0	721	516	
1	0	0	0	0	758	516	
2	0	0	0	0	785	515	
3	0	0	0	0	800	515	
4	0	0	0	0	801	515	
5	0	0	0	0	790	514	
6	0	0	0	0	767	513	
7	0	0	0	0	736	512	
8	0	0	0	0	699	510	
9	0	0	0	0	656	508	
10	0	0	0	0	612	507	
11	0	0	0	0	572	507	
12	0	0	0	0	534	507	
13	0	0	0	0	499	507	
14	0	0	0	0	467	507	
15	0	0	0	0	442	507	
0	0	0	0	0	421	506	
1	0	0	0	0	408	507	
2	0	0	0	0	399	507	
3	0	0	0	0	393	507	
4	0	0	0	0	392	508	
5	0	0	0	0	395	508	
6	0	0	0	0	402	509	
7	0	0	0	0	412	509	
8	0	0	0	0	425	510	
9	0	0	0	0	439	510	
10	0	0	0	0	455	510	
11	0	0	0	0	471	510	
12	0	0	0	0	487	509	
13	0	0	0	0	501	509	
14	0	0	0	0	513	509	
15	0	0	0	0	523	509	
0	0	0	0	0	528	509	
1	0	0	0	0	534	509	
2	0	0	0	0	536	508	
3	0	0	0	0	534	508	
4	0	0	0	0	531	508	
5	0	0	0	0	525	508	
6	0	0	0	0	518	508	
7	0	0	0	0	510	507	
8	0	0	0	0	502	507	
9	0	0	0	0	493	506	
10	0	0	0	0	483	506	
11	0	0	0	0	476	504	
12	0	0	0	0	468	503	
13	0	0	0	0	463	502	
14	0	0	0	0	459	500	
15	0	0	0	0	455	499	
0	0	0	0	0	455	498	
1	0	0	0	0	453	497	
2	0	0	0	0	450	497	
3	0	0	0	0	450	497	
4	0	0	0	0	450	498	
5	0	0	0	0	451	500	
6	0	0	0	0	451	501	
7	0	0	0	0	453	501	
8	0	0	0	0	454	500	
9	0	0	0	0	454	499	
10	0	0	0	0	455	497	
11	0	0	0	0	458	495	
12	0	0	0	0	465	494	
13	0	0	0	0	479	493	
14	0	0	0	0	503	492	
15	0	0	0	0	538	491	
0	0	0	0	0	580	489	
1	0	0	0	0	628	487	
2	0	0	0	0	677	487	
3	0	0	0	0	722	486	
4	0	0	0	0	757	483	
5	0	0	0	0	781	483	
6	0	0	0	0	790	481	
7	0	0	0	0	787	480	
8	0	0	0	0	772	480	
9	0	0	0	0	747	479	
10	0	0	0	0	713	478	
11	0	0	0	0	675	478	
12	0	0	0	0	635	477	
13	0	0	0	0	591	477	
14	0	0	0	0	550	478	
15	0	0	0	0	509	478	
0	0	0	0	0	473	478	
1	0	0	0	0	441	479	
2	0	0	0	0	415	478	
3	0	0	0	0	396	479	
4	0	0	0	0	383	479	
5	0	0	0	0	374	480	
6	0	0	0	0	371	480	
7	0	0	0	0	372	481	
8	0	0	0	0	379	482	
9	0	0	0	0	388	482	
10	0	0	0	0	400	483	
11	0	0	0	0	414	484	
12	0	0	0	0	427	483	
13	0	0	0	0	443	484	
14	0	0	0	0	459	484	
15	0	0	0	0	473	484	
0	0	0	0	0	487	484	
1	0	0	0	0	497	485	
2	0	0	0	0	507	485	
3	0	0	0	0	513	486	
4	0	0	0	0	516	486	
5	0	0	0	0	518	487	
6	0	0	0	0	517	487	
7	0	0	0	0	512	487	
8	0	0	0	0	506	486	
9	0	0	0	0	499	486	
10	0	0	0	0	490	487	
11	0	0	0	0	480	486	
12	0	0	0	0	473	486	
13	0	0	0	0	466	486	
14	0	0	0	0	459	485	
15	0	0	0	0	455	484	
0	0	0	0	0	452	483	
1	0	0	0	0	448	482	
2	0	0	0	0	445	482	
3	0	0	0	0	446	481	
4	0	0	0	0	445	481	
5	0	0	0	0	444	481	
6	0	0	0	0	444	482	
7	0	0	0	0	445	484	
8	0	0	0	0	447	486	
9	0	0	0	0	448	487	
10	0	0	0	0	449	488	
11	0	0	0	0	449	488	
12	0	0	0	0	449	488	
13	0	0	0	0	449	487	
14	0	0	0	0	450	486	
15	0	0	0	0	457	486	
0	0	0	0	0	472	486	
1	0	0	0	0	497	485	
2	0	0	0	0	532	484	
3	0	0	0	0	575	484	
4	0	0	0	0	623	483	
5	0	0	0	0	672	483	
6	0	0	0	0	716	482	
7	0	0	0	0	749	482	
8	0	0	0	0	771	481	
9	0	0	0	0	778	481	
10	0	0	0	0	775	482	
11	0	0	0	0	756	481	
12	0	0	0	0	728	481	
13	0	0	0	0	692	482	
14	0	0	0	0	652	481	
15	0	0	0	0	609	481	
0	0	0	0	0	566	482	
1	0	0	0	0	526	483	
2	0	0	0	0	487	484	
3	0	0	0	0	453	485	
4	0	0	0	0	424	486	
5	0	0	0	0	399	487	
6	0	0	0	0	380	488	
7	0	0	0	0	367	489	
8	0	0	0	0	357	490	
9	0	0	0	0	352	491	
10	0	0	0	0	354	492	
11	0	0	0	0	360	494	
12	0	0	0	0	371	495	
13	0	0	0	0	383	496	
14	0	0	0	0	398	497	
15	0	0	0	0	416	498	
0	0	0	0	0	434	499	
1	0	0	0	0	452	499	
2	0	0	0	0	469	500	
3	0	0	0	0	484	501	
4	0	0	0	0	496	503	
5	0	0	0	0	508	504	
6	0	0	0	0	517	505	
7	0	0	0	0	523	506	
8	0	0	0	0	526	507	
9	0	0	0	0	526	509	
10	0	0	0	0	523	510	
11	0	0	0	0	518	511	
12	0	0	0	0	512	512	
13	0	0	0	0	504	513	
14	0	0	0	0	494	513	
15	0	0	0	0	486	514	
0	0	0	0	0	478	514	
1	0	0	0	0	469	514	
2	0	0	0	0	462	514	
3	0	0	0	0	455	514	
4	0	0	0	0	450	513	
5	0	0	0	0	446	512	
6	0	0	0	0	443	512	
7	0	0	0	0	442	511	
8	0	0	0	0	441	511	
9	0	0	0	0	441	512	
10	0	0	0	0	443	513	
11	0	0	0	0	444	515	
12	0	0	0	0	447	517	
13	0	0	0	0	448	519	
14	0	0	0	0	451	520	
15	0	0	0	0	456	521	
0	0	0	0	0	459	521	
1	0	0	0	0	463	520	
2	0	0	0	0	467	519	
3	0	0	0	0	472	519	
4	0	0	0	0	481	518	
5	0	0	0	0	497	518	
6	0	0	0	0	523	516	
7	0	0	0	0	558	515	
8	0	0	0	0	601	514	
9	0	0	0	0	646	513	
10	0	0	0	0	688	511	
11	0	0	0	0	726	510	
12	0	0	0	0	755	508	
13	0	0	0	0	773	508	
14	0	0	0	0	779	506	
15	0	0	0	0	771	505	
0	0	0	0	0	752	504	
1	0	0	0	0	723	503	
2	0	0	0	0	687	501	
3	0	0	0	0	644	500	
4	0	0	0	0	601	499	
5	0	0	0	0	558	499	
6	0	0	0	0	516	498	
7	0	0	0	0	479	497	
8	0	0	0	0	445	496	
9	0	0	0	0	417	496	
10	0	0	0	0	395	494	
11	0	0	0	0	378	493	
12	0	0	0	0	366	493	
13	0	0	0	0	357	492	
14	0	0	0	0	355	492	
15	0	0	0	0	359	492	
0	0	0	0	0	367	491	
1	0	0	0	0	380	491	
2	0	0	0	0	395	490	
3	0	0	0	0	412	489	
4	0	0	0	0	430	489	
5	0	0	0	0	449	488	
6	0	0	0	0	468	487	
7	0	0	0	0	487	487	
8	0	0	0	0	503	486	
9	0	0	0	0	516	485	
10	0	0	0	0	527	485	
11	0	0	0	0	535	484	
12	0	0	0	0	537	483	
13	0	0	0	0	535	483	
14	0	0	0	0	531	481	
15	0	0	0	0	526	481	
0	0	0	0	0	520	480	
1	0	0	0	0	511	479	
2	0	0	0	0	501	479	
3	0	0	0	0	491	478	
4	0	0	0	0	481	478	
5	0	0	0	0	472	477	
6	0	0	0	0	464	476	
7	0	0	0	0	458	474	
8	0	0	0	0	454	472	
9	0	0	0	0	449	471	
10	0	0	0	0	446	470	
11	0	0	0	0	445	470	
12	0	0	0	0	445	470	
13	0	0	0	0	446	470	
14	0	0	0	0	448	472	
15	0	0	0	0	450	473	
0	0	0	0	0	451	476	
1	0	0	0	0	452	478	
2	0	0	0	0	455	479	
3	0	0	0	0	456	480	
4	0	0	0	0	460	480	
5	0	0	0	0	461	479	
6	0	0	0	0	464	479	
7	0	0	0	0	469	479	
8	0	0	0	0	478	479	
9	0	0	0	0	496	480	
10	0	0	0	0	522	480	
11	0	0	0	0	559	480	
12	0	0	0	0	602	479	
13	0	0	0	0	647	478	
14	0	0	0	0	689	478	
15	0	0	0	0	723	477	
0	0	0	0	0	750	476	
1	0	0	0	0	765	475	
2	0	0	0	0	766	474	
3	0	0	0	0	753	473	
4	0	0	0	0	730	472	
5	0	0	0	0	696	471	
6	0	0	0	0	658	471	
7	0	0	0	0	615	470	
8	0	0	0	0	572	469	
9	0	0	0	0	529	468	
10	0	0	0	0	489	467	
11	0	0	0	0	453	467	
12	0	0	0	0	423	467	
13	0	0	0	0	400	466	
14	0	0	0	0	380	466	
15	0	0	0	0	366	466	
0	0	0	0	0	357	466	
1	0	0	0	0	353	466	
2	0	0	0	0	356	465	
3	0	0	0	0	362	465	
4	0	0	0	0	373	465	
5	0	0	0	0	387	464	
6	0	0	0	0	403	464	
7	0	0	0	0	422	464	
8	0	0	0	0	440	464	
9	0	0	0	0	459	463	
10	0	0	0	0	478	463	
11	0	0	0	0	495	463	
12	0	0	0	0	510	463	
13	0	0	0	0	522	463	
14	0	0	0	0	530	463	
15	0	0	0	0	536	463	
0	0	0	0	0	538	463	
1	0	0	0	0	536	463	
2	0	0	0	0	531	463	
3	0	0	0	0	522	463	
4	0	0	0	0	513	463	
5	0	0	0	0	505	463	
6	0	0	0	0	495	463	
7	0	0	0	0	486	462	
8	0	0	0	0	476	462	
9	0	0	0	0	468	462	
10	0	0	0	0	460	462	
11	0	0	0	0	454	461	
12	0	0	0	0	449	460	
13	0	0	0	0	444	460	
14	0	0	0	0	442	460	
15	0	0	0	0	441	460	
0	0	0	0	0	443	461	
1	0	0	0	0	445	462	
2	0	0	0	0	447	464	
3	0	0	0	0	450	468	
4	0	0	0	0	452	472	
5	0	0	0	0	454	476	
6	0	0	0	0	454	478	
7	0	0	0	0	454	479	
8	0	0	0	0	453	479	
9	0	0	0	0	452	480	
10	0	0	0	0	453	480	
11	0	0	0	0	459	480	
12	0	0	0	0	472	480	
13	0	0	0	0	496	479	
14	0	0	0	0	530	478	
15	0	0	0	0	572	477	
0	0	0	0	0	621	475	
1	0	0	0	0	668	473	
2	0	0	0	0	708	470	
3	0	0	0	0	740	470	
4	0	0	0	0	760	467	
5	0	0	0	0	767	465	
6	0	0	0	0	760	464	
7	0	0	0	0	740	463	
8	0	0	0	0	711	461	
9	0	0	0	0	676	461	
10	0	0	0	0	636	459	
11	0	0	0	0	595	458	
12	0	0	0	0	553	458	
13	0	0	0	0	513	459	
14	0	0	0	0	477	459	
15	0	0	0	0	445	460	
0	0	0	0	0	421	460	
1	0	0	0	0	401	460	
2	0	0	0	0	385	461	
3	0	0	0	0	376	462	
4	0	0	0	0	370	463	
5	0	0	0	0	366	464	
6	0	0	0	0	368	464	
7	0	0	0	0	375	466	
8	0	0	0	0	384	468	
9	0	0	0	0	393	469	
10	0	0	0	0	407	471	
11	0	0	0	0	420	472	
12	0	0	0	0	433	473	
13	0	0	0	0	448	475	
14	0	0	0	0	461	476	
15	0	0	0	0	472	477	
0	0	0	0	0	483	479	
1	0	0	0	0	491	480	
2	0	0	0	0	498	481	
3	0	0	0	0	502	482	
4	0	0	0	0	504	483	
5	0	0	0	0	503	484	
6	0	0	0	0	500	484	
7	0	0	0	0	496	485	
8	0	0	0	0	489	486	
9	0	0	0	0	481	486	
10	0	0	0	0	474	487	
11	0	0	0	0	467	487	
12	0	0	0	0	460	487	
13	0	0	0	0	454	487	
14	0	0	0	0	450	486	
15	0	0	0	0	448	485	
0	0	0	0	0	444	484	
1	0	0	0	0	441	484	
2	0	0	0	0	440	483	
3	0	0	0	0	440	483	
4	0	0	0	0	442	482	
5	0	0	0	0	443	482	
6	0	0	0	0	445	483	
7	0	0	0	0	448	485	
8	0	0	0	0	450	487	
9	0	0	0	0	453	489	
10	0	0	0	0	455	491	
11	0	0	0	0	457	491	
12	0	0	0	0	460	491	
13	0	0	0	0	460	491	
14	0	0	0	0	462	491	
15	0	0	0	0	466	490	
0	0	0	0	0	474	490	
1	0	0	0	0	491	490	
2	0	0	0	0	519	490	
3	0	0	0	0	555	490	
4	0	0	0	0	599	489	
5	0	0	0	0	644	488	
6	0	0	0	0	686	487	
7	0	0	0	0	722	486	
8	0	0	0	0	747	485	
9	0	0	0	0	760	483	
10	0	0	0	0	760	481	
11	0	0	0	0	747	480	
12	0	0	0	0	723	479	
13	0	0	0	0	692	477	
14	0	0	0	0	656	476	
15	0	0	0	0	616	474	
0	0	0	0	0	575	473	
1	0	0	0	0	535	472	
2	0	0	0	0	496	472	
3	0	0	0	0	462	472	
4	0	0	0	0	433	471	
5	0	0	0	0	408	470	
6	0	0	0	0	387	470	
7	0	0	0	0	373	469	
8	0	0	0	0	363	469	
9	0	0	0	0	358	469	
10	0	0	0	0	357	468	
11	0	0	0	0	360	468	
12	0	0	0	0	370	467	
13	0	0	0	0	380	466	
14	0	0	0	0	394	464	
15	0	0	0	0	410	462	
0	0	0	0	0	426	459	
1	0	0	0	0	443	456	
2	0	0	0	0	459	453	
3	0	0	0	0	473	450	
4	0	0	0	0	486	447	
5	0	0	0	0	496	445	
6	0	0	0	0	504	442	
7	0	0	0	0	511	439	
8	0	0	0	0	516	437	
9	0	0	0	0	516	434	
10	0	0	0	0	515	432	
11	0	0	0	0	511	430	
12	0	0	0	0	503	428	
13	0	0	0	0	495	427	
14	0	0	0	0	486	426	
15	0	0	0	0	479	425	
0	0	0	0	0	473	424	
1	0	0	0	0	467	423	
2	0	0	0	0	461	423	
3	0	0	0	0	454	423	
4	0	0	0	0	451	423	
5	0	0	0	0	446	424	
6	0	0	0	0	443	425	
7	0	0	0	0	443	426	
8	0	0	0	0	442	428	
9	0	0	0	0	441	431	
10	0	0	0	0	441	434	
11	0	0	0	0	444	437	
12	0	0	0	0	446	441	
13	0	0	0	0	448	447	
14	0	0	0	0	450	452	
15	0	0	0	0	452	457	
0	0	0	0	0	452	462	
1	0	0	0	0	454	465	
2	0	0	0	0	454	467	
3	0	0	0	0	455	469	
4	0	0	0	0	458	471	
5	0	0	0	0	463	473	
6	0	0	0	0	480	474	
7	0	0	0	0	504	475	
8	0	0	0	0	540	476	
9	0	0	0	0	583	477	
10	0	0	0	0	631	478	
11	0	0	0	0	676	478	
12	0	0	0	0	715	477	
13	0	0	0	0	742	477	
14	0	0	0	0	759	478	
15	0	0	0	0	761	477	
0	0	0	0	0	751	477	
1	0	0	0	0	728	478	
2	0	0	0	0	697	478	
3	0	0	0	0	662	477	
4	0	0	0	0	621	477	
5	0	0	0	0	578	477	
6	0	0	0	0	536	477	
7	0	0	0	0	498	478	
8	0	0	0	0	463	479	
9	0	0	0	0	434	480	
10	0	0	0	0	411	480	
11	0	0	0	0	390	480	
12	0	0	0	0	374	480	
13	0	0	0	0	364	481	
14	0	0	0	0	358	481	
15	0	0	0	0	359	482	
0	0	0	0	0	363	482	
1	0	0	0	0	369	483	
2	0	0	0	0	379	483	
3	0	0	0	0	391	483	
4	0	0	0	0	404	483	
5	0	0	0	0	419	483	
6	0	0	0	0	434	483	
7	0	0	0	0	449	483	
8	0	0	0	0	462	482	
9	0	0	0	0	473	482	
10	0	0	0	0	482	481	
11	0	0	0	0	489	480	
12	0	0	0	0	494	480	
13	0	0	0	0	497	480	
14	0	0	0	0	496	480	
15	0	0	0	0	493	479	
0	0	0	0	0	490	479	
1	0	0	0	0	486	479	
2	0	0	0	0	480	479	
3	0	0	0	0	474	479	
4	0	0	0	0	467	478	
5	0	0	0	0	461	478	
6	0	0	0	0	455	478	
7	0	0	0	0	447	478	
8	0	0	0	0	443	478	
9	0	0	0	0	439	477	
10	0	0	0	0	436	477	
11	0	0	0	0	436	476	
12	0	0	0	0	435	475	
13	0	0	0	0	433	475	
14	0	0	0	0	432	474	
15	0	0	0	0	435	474	
0	0	0	0	0	436	474	
1	0	0	0	0	438	475	
2	0	0	0	0	441	476	
3	0	0	0	0	444	478	
4	0	0	0	0	448	480	
5	0	0	0	0	452	483	
6	0	0	0	0	456	484	
7	0	0	0	0	459	484	
8	0	0	0	0	459	483	
9	0	0	0	0	460	483	
10	0	0	0	0	462	482	
11	0	0	0	0	468	482	
12	0	0	0	0	480	481	
13	0	0	0	0	502	481	
14	0	0	0	0	533	481	
15	0	0	0	0	574	480	
0	0	0	0	0	618	480	
1	0	0	0	0	663	479	
2	0	0	0	0	703	477	
3	0	0	0	0	736	477	
4	0	0	0	0	758	476	
5	0	0	0	0	765	475	
6	0	0	0	0	760	476	
7	0	0	0	0	742	476	
8	0	0	0	0	712	475	
9	0	0	0	0	676	475	
10	0	0	0	0	634	474	
11	0	0	0	0	590	473	
12	0	0	0	0	546	473	
13	0	0	0	0	506	473	
14	0	0	0	0	470	474	
15	0	0	0	0	438	475	
0	0	0	0	0	412	475	
1	0	0	0	0	390	476	
2	0	0	0	0	375	476	
3	0	0	0	0	366	476	
4	0	0	0	0	360	476	
5	0	0	0	0	358	477	
6	0	0	0	0	359	478	
7	0	0	0	0	366	479	
8	0	0	0	0	377	479	
9	0	0	0	0	389	480	
10	0	0	0	0	404	481	
11	0	0	0	0	421	482	
12	0	0	0	0	438	482	
13	0	0	0	0	455	483	
14	0	0	0	0	471	484	
15	0	0	0	0	486	484	
0	0	0	0	0	498	485	
1	0	0	0	0	508	486	
2	0	0	0	0	514	487	
3	0	0	0	0	517	488	
4	0	0	0	0	519	489	
5	0	0	0	0	518	490	
6	0	0	0	0	515	491	
7	0	0	0	0	510	492	
8	0	0	0	0	502	492	
9	0	0	0	0	494	493	
10	0	0	0	0	484	494	
11	0	0	0	0	475	495	
12	0	0	0	0	465	496	
13	0	0	0	0	457	496	
14	0	0	0	0	450	497	
15	0	0	0	0	444	497	
0	0	0	0	0	440	498	
1	0	0	0	0	436	498	
2	0	0	0	0	433	498	
3	0	0	0	0	432	498	
4	0	0	0	0	433	499	
5	0	0	0	0	435	499	
6	0	0	0	0	437	499	
7	0	0	0	0	440	500	
8	0	0	0	0	444	502	
9	0	0	0	0	449	503	
10	0	0	0	0	455	505	
11	0	0	0	0	460	508	
12	0	0	0	0	461	510	
13	0	0	0	0	463	512	
14	0	0	0	0	465	512	
15	0	0	0	0	466	512	
0	0	0	0	0	467	512	
1	0	0	0	0	468	512	
2	0	0	0	0	473	513	
3	0	0	0	0	486	513	
4	0	0	0	0	508	513	
5	0	0	0	0	540	512	
6	0	0	0	0	579	512	
7	0	0	0	0	624	512	
8	0	0	0	0	671	512	
9	0	0	0	0	711	511	
10	0	0	0	0	745	510	
11	0	0	0	0	769	509	
12	0	0	0	0	779	508	
13	0	0	0	0	775	508	
14	0	0	0	0	759	508	
15	0	0	0	0	734	507	
0	0	0	0	0	700	507	
1	0	0	0	0	660	506	
2	0	0	0	0	617	505	
3	0	0	0	0	574	505	
4	0	0	0	0	535	506	
5	0	0	0	0	497	506	
6	0	0	0	0	464	506	
7	0	0	0	0	437	505	
8	0	0	0	0	413	505	
9	0	0	0	0	395	505	
10	0	0	0	0	379	504	
11	0	0	0	0	371	504	
12	0	0	0	0	368	504	
13	0	0	0	0	371	505	
14	0	0	0	0	377	505	
15	0	0	0	0	387	504	
0	0	0	0	0	400	504	
1	0	0	0	0	416	504	
2	0	0	0	0	435	504	
3	0	0	0	0	455	503	
4	0	0	0	0	472	503	
5	0	0	0	0	488	502	
6	0	0	0	0	503	502	
7	0	0	0	0	516	502	
8	0	0	0	0	527	501	
9	0	0	0	0	534	501	
10	0	0	0	0	538	500	
11	0	0	0	0	541	500	
12	0	0	0	0	540	499	
13	0	0	0	0	538	499	
14	0	0	0	0	532	499	
15	0	0	0	0	528	498	
0	0	0	0	0	521	498	
1	0	0	0	0	513	497	
2	0	0	0	0	506	497	
3	0	0	0	0	499	496	
4	0	0	0	0	493	495	
5	0	0	0	0	488	494	
6	0	0	0	0	484	493	
7	0	0	0	0	480	492	
8	0	0	0	0	477	489	
9	0	0	0	0	475	487	
10	0	0	0	0	472	486	
11	0	0	0	0	470	485	
12	0	0	0	0	470	484	
13	0	0	0	0	467	484	
14	0	0	0	0	467	484	
15	0	0	0	0	467	485	
0	0	0	0	0	467	486	
1	0	0	0	0	467	487	
2	0	0	0	0	466	488	
3	0	0	0	0	467	488	
4	0	0	0	0	468	488	
5	0	0	0	0	471	487	
6	0	0	0	0	473	486	
7	0	0	0	0	477	486	
8	0	0	0	0	486	485	
9	0	0	0	0	499	484	
10	0	0	0	0	521	483	
11	0	0	0	0	556	483	
12	0	0	0	0	598	482	
13	0	0	0	0	645	481	
14	0	0	0	0	691	480	
15	0	0	0	0	731	480	
0	0	0	0	0	764	479	
1	0	0	0	0	784	478	
2	0	0	0	0	794	476	
3	0	0	0	0	790	476	
4	0	0	0	0	773	475	
5	0	0	0	0	747	473	
6	0	0	0	0	713	473	
7	0	0	0	0	676	472	
8	0	0	0	0	636	472	
9	0	0	0	0	596	471	
10	0	0	0	0	557	472	
11	0	0	0	0	520	472	
12	0	0	0	0	487	472	
13	0	0	0	0	456	471	
14	0	0	0	0	432	471	
15	0	0	0	0	412	471	
0	0	0	0	0	398	470	
1	0	0	0	0	388	470	
2	0	0	0	0	384	470	
3	0	0	0	0	383	470	
4	0	0	0	0	390	471	
5	0	0	0	0	399	471	
6	0	0	0	0	414	471	
7	0	0	0	0	433	471	
8	0	0	0	0	453	471	
9	0	0	0	0	473	471	
10	0	0	0	0	492	470	
11	0	0	0	0	510	470	
12	0	0	0	0	526	470	
13	0	0	0	0	540	470	
14	0	0	0	0	551	470	
15	0	0	0	0	558	470	
0	0	0	0	0	561	470	
1	0	0	0	0	560	470	
2	0	0	0	0	558	470	
3	0	0	0	0	553	469	
4	0	0	0	0	546	469	
5	0	0	0	0	538	469	
6	0	0	0	0	528	469	
7	0	0	0	0	517	468	
8	0	0	0	0	508	468	
9	0	0	0	0	497	467	
10	0	0	0	0	488	467	
11	0	0	0	0	480	467	
12	0	0	0	0	476	466	
13	0	0	0	0	472	464	
14	0	0	0	0	469	463	
15	0	0	0	0	468	462	
0	0	0	0	0	467	462	
1	0	0	0	0	466	462	
2	0	0	0	0	466	463	
3	0	0	0	0	466	463	
4	0	0	0	0	469	464	
5	0	0	0	0	471	467	
6	0	0	0	0	473	469	
7	0	0	0	0	476	471	
8	0	0	0	0	478	472	
9	0	0	0	0	480	472	
10	0	0	0	0	483	472	
11	0	0	0	0	485	472	
12	0	0	0	0	487	472	
13	0	0	0	0	494	472	
14	0	0	0	0	507	472	
15	0	0	0	0	528	472	
0	0	0	0	0	559	472	
1	0	0	0	0	599	471	
2	0	0	0	0	643	471	
3	0	0	0	0	689	470	
4	0	0	0	0	731	470	
5	0	0	0	0	764	469	
6	0	0	0	0	788	469	
7	0	0	0	0	798	469	
8	0	0	0	0	796	469	
9	0	0	0	0	782	468	
10	0	0	0	0	757	467	
11	0	0	0	0	726	467	
12	0	0	0	0	690	466	
13	0	0	0	0	652	465	
14	0	0	0	0	610	466	
15	0	0	0	0	571	466	
0	0	0	0	0	535	467	
1	0	0	0	0	502	467	
2	0	0	0	0	473	467	
3	0	0	0	0	449	467	
4	0	0	0	0	429	467	
5	0	0	0	0	414	467	
6	0	0	0	0	402	467	
7	0	0	0	0	398	468	
8	0	0	0	0	398	469	
9	0	0	0	0	401	469	
10	0	0	0	0	407	470	
11	0	0	0	0	416	470	
12	0	0	0	0	429	470	
13	0	0	0	0	444	470	
14	0	0	0	0	462	471	
15	0	0	0	0	480	470	
0	0	0	0	0	498	471	
1	0	0	0	0	513	470	
2	0	0	0	0	526	470	
3	0	0	0	0	537	471	
4	0	0	0	0	545	470	
5	0	0	0	0	548	470	
6	0	0	0	0	550	470	
7	0	0	0	0	547	470	
8	0	0	0	0	543	469	
9	0	0	0	0	536	469	
10	0	0	0	0	527	469	
11	0	0	0	0	517	468	
12	0	0	0	0	508	468	
13	0	0	0	0	498	467	
14	0	0	0	0	490	467	
15	0	0	0	0	483	467	
0	0	0	0	0	476	466	
1	0	0	0	0	470	465	
2	0	0	0	0	466	464	
3	0	0	0	0	465	463	
4	0	0	0	0	465	462	
5	0	0	0	0	465	461	
6	0	0	0	0	467	461	
7	0	0	0	0	468	461	
8	0	0	0	0	472	461	
9	0	0	0	0	473	462	
10	0	0	0	0	475	464	
11	0	0	0	0	478	465	
12	0	0	0	0	479	467	
13	0	0	0	0	480	467	
14	0	0	0	0	479	467	
15	0	0	0	0	480	465	
0	0	0	0	0	481	464	
1	0	0	0	0	482	463	
2	0	0	0	0	489	461	
3	0	0	0	0	504	460	
4	0	0	0	0	527	460	
5	0	0	0	0	561	458	
6	0	0	0	0	602	457	
7	0	0	0	0	648	455	
8	0	0	0	0	694	454	
9	0	0	0	0	736	451	
10	0	0	0	0	770	450	
11	0	0	0	0	793	449	
12	0	0	0	0	801	448	
13	0	0	0	0	796	447	
14	0	0	0	0	779	446	
15	0	0	0	0	752	445	
0	0	0	0	0	718	443	
1	0	0	0	0	681	441	
2	0	0	0	0	638	440	
3	0	0	0	0	597	440	
4	0	0	0	0	558	439	
5	0	0	0	0	523	439	
6	0	0	0	0	491	439	
7	0	0	0	0	464	439	
8	0	0	0	0	444	438	
9	0	0	0	0	427	438	
10	0	0	0	0	413	437	
11	0	0	0	0	403	437	
12	0	0	0	0	398	437	
13	0	0	0	0	397	437	
14	0	0	0	0	400	437	
15	0	0	0	0	407	437	
0	0	0	0	0	417	437	
1	0	0	0	0	430	437	
2	0	0	0	0	444	437	
3	0	0	0	0	457	437	
4	0	0	0	0	471	437	
5	0	0	0	0	482	436	
6	0	0	0	0	492	436	
7	0	0	0	0	503	436	
8	0	0	0	0	512	436	
9	0	0	0	0	519	436	
10	0	0	0	0	523	436	
11	0	0	0	0	525	436	
12	0	0	0	0	524	436	
13	0	0	0	0	521	436	
14	0	0	0	0	517	436	
15	0	0	0	0	511	436	
0	0	0	0	0	504	436	
1	0	0	0	0	496	436	
2	0	0	0	0	490	436	
3	0	0	0	0	484	436	
4	0	0	0	0	480	436	
5	0	0	0	0	476	436	
6	0	0	0	0	473	436	
7	0	0	0	0	472	436	
8	0	0	0	0	470	436	
9	0	0	0	0	468	436	
10	0	0	0	0	466	436	
11	0	0	0	0	465	436	
12	0	0	0	0	464	437	
13	0	0	0	0	464	438	
14	0	0	0	0	465	440	
15	0	0	0	0	465	442	
0	0	0	0	0	465	444	
1	0	0	0	0	465	447	
2	0	0	0	0	465	449	
3	0	0	0	0	467	450	
4	0	0	0	0	469	451	
5	0	0	0	0	470	450	
6	0	0	0	0	474	450	
7	0	0	0	0	480	451	
8	0	0	0	0	495	451	
9	0	0	0	0	519	451	
10	0	0	0	0	553	451	
11	0	0	0	0	594	451	
12	0	0	0	0	639	451	
13	0	0	0	0	682	451	
14	0	0	0	0	719	450	
15	0	0	0	0	749	450	
0	0	0	0	0	769	449	
1	0	0	0	0	778	449	
2	0	0	0	0	775	449	
3	0	0	0	0	760	449	
4	0	0	0	0	734	450	
5	0	0	0	0	700	449	
6	0	0	0	0	662	448	
7	0	0	0	0	623	448	
8	0	0	0	0	584	447	
9	0	0	0	0	547	447	
10	0	0	0	0	513	447	
11	0	0	0	0	482	448	
12	0	0	0	0	458	448	
13	0	0	0	0	435	449	
14	0	0	0	0	419	449	
15	0	0	0	0	407	449	
0	0	0	0	0	398	449	
1	0	0	0	0	392	450	
2	0	0	0	0	389	451	
3	0	0	0	0	391	451	
4	0	0	0	0	395	452	
5	0	0	0	0	401	452	
6	0	0	0	0	411	453	
7	0	0	0	0	423	454	
8	0	0	0	0	437	455	
9	0	0	0	0	452	455	
10	0	0	0	0	469	455	
11	0	0	0	0	484	456	
12	0	0	0	0	497	456	
13	0	0	0	0	507	457	
14	0	0	0	0	513	458	
15	0	0	0	0	518	458	
0	0	0	0	0	519	459	
1	0	0	0	0	515	460	
2	0	0	0	0	511	460	
3	0	0	0	0	504	461	
4	0	0	0	0	496	461	
5	0	0	0	0	488	462	
6	0	0	0	0	482	463	
7	0	0	0	0	478	464	
8	0	0	0	0	473	465	
9	0	0	0	0	468	466	
10	0	0	0	0	464	467	
11	0	0	0	0	459	468	
12	0	0	0	0	454	469	
13	0	0	0	0	447	470	
14	0	0	0	0	443	471	
15	0	0	0	0	440	471	
0	0	0	0	0	438	472	
1	0	0	0	0	439	474	
2	0	0	0	0	440	476	
3	0	0	0	0	443	478	
4	0	0	0	0	447	480	
5	0	0	0	0	449	483	
6	0	0	0	0	452	487	
7	0	0	0	0	455	490	
8	0	0	0	0	459	492	
9	0	0	0	0	461	494	
10	0	0	0	0	462	495	
11	0	0	0	0	463	496	
12	0	0	0	0	467	497	
13	0	0	0	0	475	497	
14	0	0	0	0	490	498	
15	0	0	0	0	513	499	
0	0	0	0	0	545	498	
1	0	0	0	0	584	499	
2	0	0	0	0	627	499	
3	0	0	0	0	671	499	
4	0	0	0	0	708	499	
5	0	0	0	0	736	499	
6	0	0	0	0	752	499	
7	0	0	0	0	755	500	
8	0	0	0	0	748	500	
9	0	0	0	0	729	500	
10	0	0	0	0	702	500	
11	0	0	0	0	667	500	
12	0	0	0	0	630	500	
13	0	0	0	0	591	500	
14	0	0	0	0	556	501	
15	0	0	0	0	522	502	
0	0	0	0	0	491	503	
1	0	0	0	0	463	503	
2	0	0	0	0	441	504	
3	0	0	0	0	420	504	
4	0	0	0	0	404	504	
5	0	0	0	0	393	504	
6	0	0	0	0	387	505	
7	0	0	0	0	386	505	
8	0	0	0	0	387	506	
9	0	0	0	0	391	506	
10	0	0	0	0	398	507	
11	0	0	0	0	406	507	
12	0	0	0	0	417	507	
13	0	0	0	0	430	507	
14	0	0	0	0	445	507	
15	0	0	0	0	459	507	
0	0	0	0	0	473	506	
1	0	0	0	0	485	506	
2	0	0	0	0	495	506	
3	0	0	0	0	501	506	
4	0	0	0	0	504	506	
5	0	0	0	0	504	505	
6	0	0	0	0	502	505	
7	0	0	0	0	498	505	
8	0	0	0	0	496	504	
9	0	0	0	0	491	504	
10	0	0	0	0	484	503	
11	0	0	0	0	479	502	
12	0	0	0	0	475	501	
13	0	0	0	0	470	500	
14	0	0	0	0	466	499	
15	0	0	0	0	465	499	
0	0	0	0	0	463	497	
1	0	0	0	0	460	496	
2	0	0	0	0	458	494	
3	0	0	0	0	456	492	
4	0	0	0	0	455	491	
5	0	0	0	0	454	490	
6	0	0	0	0	454	489	
7	0	0	0	0	452	489	
8	0	0	0	0	453	490	
9	0	0	0	0	454	491	
10	0	0	0	0	453	492	
11	0	0	0	0	453	493	
12	0	0	0	0	452	494	
13	0	0	0	0	451	494	
14	0	0	0	0	451	494	
15	0	0	0	0	453	493	
0	0	0	0	0	457	492	
1	0	0	0	0	465	491	
2	0	0	0	0	478	490	
3	0	0	0	0	497	489	
4	0	0	0	0	523	489	
5	0	0	0	0	554	488	
6	0	0	0	0	591	487	
7	0	0	0	0	626	486	
8	0	0	0	0	659	485	
9	0	0	0	0	684	484	
10	0	0	0	0	702	483	
11	0	0	0	0	709	483	
12	0	0	0	0	706	482	
13	0	0	0	0	692	481	
14	0	0	0	0	669	480	
15	0	0	0	0	639	478	
0	0	0	0	0	606	477	
1	0	0	0	0	572	476	
2	0	0	0	0	539	476	
3	0	0	0	0	506	476	
4	0	0	0	0	477	476	
5	0	0	0	0	452	476	
6	0	0	0	0	429	475	
7	0	0	0	0	410	475	
8	0	0	0	0	397	474	
9	0	0	0	0	387	474	
10	0	0	0	0	380	473	
11	0	0	0	0	377	474	
12	0	0	0	0	378	474	
13	0	0	0	0	384	474	
14	0	0	0	0	391	474	
15	0	0	0	0	401	474	
0	0	0	0	0	413	474	
1	0	0	0	0	425	473	
2	0	0	0	0	438	473	
3	0	0	0	0	449	472	
4	0	0	0	0	461	472	
5	0	0	0	0	472	472	
6	0	0	0	0	482	471	
7	0	0	0	0	489	471	
8	0	0	0	0	495	470	
9	0	0	0	0	497	470	
10	0	0	0	0	498	470	
11	0	0	0	0	495	469	
12	0	0	0	0	491	468	
13	0	0	0	0	485	468	
14	0	0	0	0	479	467	
15	0	0	0	0	471	467	
0	0	0	0	0	464	467	
1	0	0	0	0	457	466	
2	0	0	0	0	453	466	
3	0	0	0	0	448	465	
4	0	0	0	0	444	464	
5	0	0	0	0	439	463	
6	0	0	0	0	437	461	
7	0	0	0	0	434	460	
8	0	0	0	0	436	460	
9	0	0	0	0	435	460	
10	0	0	0	0	436	460	
11	0	0	0	0	437	460	
12	0	0	0	0	438	461	
13	0	0	0	0	440	463	
14	0	0	0	0	441	465	
15	0	0	0	0	443	467	
0	0	0	0	0	446	468	
1	0	0	0	0	448	468	
2	0	0	0	0	450	469	
3	0	0	0	0	452	468	
4	0	0	0	0	455	468	
5	0	0	0	0	461	468	
6	0	0	0	0	473	468	
7	0	0	0	0	493	468	
8	0	0	0	0	519	468	
9	0	0	0	0	550	468	
10	0	0	0	0	583	467	
11	0	0	0	0	614	467	
12	0	0	0	0	641	467	
13	0	0	0	0	660	467	
14	0	0	0	0	670	467	
15	0	0	0	0	672	467	
0	0	0	0	0	666	467	
1	0	0	0	0	652	466	
2	0	0	0	0	630	465	
3	0	0	0	0	604	465	
4	0	0	0	0	574	464	
5	0	0	0	0	544	463	
6	0	0	0	0	514	463	
7	0	0	0	0	487	463	
8	0	0	0	0	463	463	
9	0	0	0	0	442	464	
10	0	0	0	0	425	464	
11	0	0	0	0	410	464	
12	0	0	0	0	399	463	
13	0	0	0	0	390	463	
14	0	0	0	0	384	463	
15	0	0	0	0	380	463	
0	0	0	0	0	378	463	
1	0	0	0	0	377	463	
2	0	0	0	0	380	463	
3	0	0	0	0	385	463	
4	0	0	0	0	393	463	
5	0	0	0	0	403	463	
6	0	0	0	0	415	463	
7	0	0	0	0	428	463	
8	0	0	0	0	441	463	
9	0	0	0	0	453	463	
10	0	0	0	0	463	463	
11	0	0	0	0	472	463	
12	0	0	0	0	479	463	
13	0	0	0	0	481	463	
14	0	0	0	0	480	464	
15	0	0	0	0	478	464	
0	0	0	0	0	475	463	
1	0	0	0	0	471	463	
2	0	0	0	0	464	463	
3	0	0	0	0	460	463	
4	0	0	0	0	455	463	
5	0	0	0	0	450	463	
6	0	0	0	0	445	462	
7	0	0	0	0	442	462	
8	0	0	0	0	440	461	
9	0	0	0	0	438	461	
10	0	0	0	0	438	460	
11	0	0	0	0	436	459	
12	0	0	0	0	434	459	
13	0	0	0	0	432	459	
14	0	0	0	0	432	458	
15	0	0	0	0	434	459	
0	0	0	0	0	435	459	
1	0	0	0	0	435	460	
2	0	0	0	0	435	462	
3	0	0	0	0	436	463	
4	0	0	0	0	438	465	
5	0	0	0	0	440	465	
6	0	0	0	0	443	465	
7	0	0	0	0	445	463	
8	0	0	0	0	448	462	
9	0	0	0	0	453	461	
10	0	0	0	0	462	460	
11	0	0	0	0	479	459	
12	0	0	0	0	503	458	
13	0	0	0	0	531	457	
14	0	0	0	0	562	456	
15	0	0	0	0	593	455	
0	0	0	0	0	620	453	
1	0	0	0	0	641	451	
2	0	0	0	0	652	450	
3	0	0	0	0	655	449	
4	0	0	0	0	648	449	
5	0	0	0	0	632	448	
6	0	0	0	0	611	447	
7	0	0	0	0	585	446	
8	0	0	0	0	557	445	
9	0	0	0	0	528	443	
10	0	0	0	0	499	441	
11	0	0	0	0	472	441	
12	0	0	0	0	448	440	
13	0	0	0	0	429	440	
14	0	0	0	0	413	440	
15	0	0	0	0	400	440	
0	0	0	0	0	391	440	
1	0	0	0	0	384	440	
2	0	0	0	0	380	439	
3	0	0	0	0	377	440	
4	0	0	0	0	378	439	
5	0	0	0	0	379	440	
6	0	0	0	0	384	440	
7	0	0	0	0	388	440	
8	0	0	0	0	393	440	
9	0	0	0	0	400	440	
10	0	0	0	0	408	441	
11	0	0	0	0	418	440	
12	0	0	0	0	428	440	
13	0	0	0	0	436	440	
14	0	0	0	0	445	440	
15	0	0	0	0	450	440	
0	0	0	0	0	456	440	
1	0	0	0	0	460	440	
2	0	0	0	0	460	440	
3	0	0	0	0	460	440	
4	0	0	0	0	458	441	
5	0	0	0	0	455	441	
6	0	0	0	0	451	441	
7	0	0	0	0	449	441	
8	0	0	0	0	447	441	
9	0	0	0	0	443	442	
10	0	0	0	0	440	442	
11	0	0	0	0	439	442	
12	0	0	0	0	437	442	
13	0	0	0	0	435	442	
14	0	0	0	0	433	442	
15	0	0	0	0	431	442	
0	0	0	0	0	431	442	
1	0	0	0	0	432	442	
2	0	0	0	0	435	442	
3	0	0	0	0	439	443	
4	0	0	0	0	443	443	
5	0	0	0	0	444	444	
6	0	0	0	0	443	445	
7	0	0	0	0	440	447	
8	0	0	0	0	436	449	
9	0	0	0	0	430	452	
10	0	0	0	0	427	453	
11	0	0	0	0	426	454	
12	0	0	0	0	429	454	
13	0	0	0	0	431	454	
14	0	0	0	0	437	454	
15	0	0	0	0	448	454	
0	0	0	0	0	462	454	
1	0	0	0	0	483	455	
2	0	0	0	0	509	455	
3	0	0	0	0	539	455	
4	0	0	0	0	572	455	
5	0	0	0	0	602	454	
6	0	0	0	0	631	454	
7	0	0	0	0	654	453	
8	0	0	0	0	667	453	
9	0	0	0	0	671	452	
10	0	0	0	0	664	452	
11	0	0	0	0	649	452	
12	0	0	0	0	626	453	
13	0	0	0	0	600	452	
14	0	0	0	0	569	452	
15	0	0	0	0	539	451	
0	0	0	0	0	511	451	
1	0	0	0	0	482	450	
2	0	0	0	0	457	451	
3	0	0	0	0	434	452	
4	0	0	0	0	417	452	
5	0	0	0	0	402	453	
6	0	0	0	0	392	454	
7	0	0	0	0	384	455	
8	0	0	0	0	376	456	
9	0	0	0	0	371	457	
10	0	0	0	0	371	457	
11	0	0	0	0	374	458	
12	0	0	0	0	379	459	
13	0	0	0	0	386	460	
14	0	0	0	0	394	462	
15	0	0	0	0	403	463	
0	0	0	0	0	413	464	
1	0	0	0	0	422	465	
2	0	0	0	0	431	465	
3	0	0	0	0	438	466	
4	0	0	0	0	447	467	
5	0	0	0	0	452	468	
6	0	0	0	0	458	469	
7	0	0	0	0	461	469	
8	0	0	0	0	462	470	
9	0	0	0	0	461	471	
10	0	0	0	0	461	472	
11	0	0	0	0	459	473	
12	0	0	0	0	456	474	
13	0	0	0	0	454	476	
14	0	0	0	0	451	476	
15	0	0	0	0	447	478	
0	0	0	0	0	443	479	
1	0	0	0	0	439	480	
2	0	0	0	0	435	480	
3	0	0	0	0	431	481	
4	0	0	0	0	428	481	
5	0	0	0	0	425	482	
6	0	0	0	0	424	482	
7	0	0	0	0	424	483	
8	0	0	0	0	426	483	
9	0	0	0	0	428	483	
10	0	0	0	0	430	484	
11	0	0	0	0	431	485	
12	0	0	0	0	433	486	
13	0	0	0	0	434	488	
14	0	0	0	0	435	489	
15	0	0	0	0	437	492	
0	0	0	0	0	439	495	
1	0	0	0	0	440	496	
2	0	0	0	0	440	498	
3	0	0	0	0	443	498	
4	0	0	0	0	446	499	
5	0	0	0	0	449	499	
6	0	0	0	0	455	499	
7	0	0	0	0	465	499	
8	0	0	0	0	481	499	
9	0	0	0	0	506	499	
10	0	0	0	0	536	499	
11	0	0	0	0	569	499	
12	0	0	0	0	604	499	
13	0	0	0	0	635	499	
14	0	0	0	0	659	498	
15	0	0	0	0	674	499	
0	0	0	0	0	681	499	
1	0	0	0	0	677	499	
2	0	0	0	0	664	499	
3	0	0	0	0	644	499	
4	0	0	0	0	619	499	
5	0	0	0	0	590	499	
6	0	0	0	0	558	498	
7	0	0	0	0	529	498	
8	0	0	0	0	502	498	
9	0	0	0	0	477	498	
10	0	0	0	0	456	499	
11	0	0	0	0	440	499	
12	0	0	0	0	427	499	
13	0	0	0	0	416	499	
14	0	0	0	0	409	499	
15	0	0	0	0	406	500	
0	0	0	0	0	404	500	
1	0	0	0	0	403	500	
2	0	0	0	0	404	500	
3	0	0	0	0	408	501	
4	0	0	0	0	415	501	
5	0	0	0	0	422	501	
6	0	0	0	0	428	500	
7	0	0	0	0	439	500	
8	0	0	0	0	449	500	
9	0	0	0	0	457	499	
10	0	0	0	0	466	499	
11	0	0	0	0	473	499	
12	0	0	0	0	478	498	
13	0	0	0	0	482	497	
14	0	0	0	0	485	497	
15	0	0	0	0	487	497	
0	0	0	0	0	488	497	
1	0	0	0	0	487	497	
2	0	0	0	0	486	496	
3	0	0	0	0	483	496	
4	0	0	0	0	480	495	
5	0	0	0	0	475	495	
6	0	0	0	0	471	494	
7	0	0	0	0	466	494	
8	0	0	0	0	463	493	
9	0	0	0	0	459	493	
10	0	0	0	0	456	492	
11	0	0	0	0	455	491	
12	0	0	0	0	454	489	
13	0	0	0	0	453	488	
14	0	0	0	0	455	486	
15	0	0	0	0	457	485	
0	0	0	0	0	461	485	
1	0	0	0	0	463	485	
2	0	0	0	0	463	484	
3	0	0	0	0	464	486	
4	0	0	0	0	464	486	
5	0	0	0	0	465	488	
6	0	0	0	0	465	489	
7	0	0	0	0	464	491	
8	0	0	0	0	465	491	
9	0	0	0	0	463	491	
10	0	0	0	0	463	490	
11	0	0	0	0	464	490	
12	0	0	0	0	467	489	
13	0	0	0	0	475	489	
14	0	0	0	0	488	488	
15	0	0	0	0	507	488	
0	0	0	0	0	531	487	
1	0	0	0	0	558	487	
2	0	0	0	0	587	486	
3	0	0	0	0	614	485	
4	0	0	0	0	637	485	
5	0	0	0	0	651	484	
6	0	0	0	0	659	483	
7	0	0	0	0	657	483	
8	0	0	0	0	648	482	
9	0	0	0	0	631	481	
10	0	0	0	0	608	480	
11	0	0	0	0	583	479	
12	0	0	0	0	556	478	
13	0	0	0	0	530	477	
14	0	0	0	0	507	476	
15	0	0	0	0	485	476	
0	0	0	0	0	467	476	
1	0	0	0	0	451	476	
2	0	0	0	0	438	476	
3	0	0	0	0	428	476	
4	0	0	0	0	419	475	
5	0	0	0	0	414	475	
6	0	0	0	0	411	474	
7	0	0	0	0	410	475	
8	0	0	0	0	411	474	
9	0	0	0	0	415	475	
10	0	0	0	0	420	475	
11	0	0	0	0	428	474	
12	0	0	0	0	435	474	
13	0	0	0	0	442	474	
14	0	0	0	0	450	473	
15	0	0	0	0	458	473	
0	0	0	0	0	467	473	
1	0	0	0	0	474	472	
2	0	0	0	0	480	472	
3	0	0	0	0	485	472	
4	0	0	0	0	488	472	
5	0	0	0	0	488	472	
6	0	0	0	0	487	472	
7	0	0	0	0	485	472	
8	0	0	0	0	481	471	
9	0	0	0	0	476	471	
10	0	0	0	0	472	471	
11	0	0	0	0	467	471	
12	0	0	0	0	463	471	
13	0	0	0	0	459	471	
14	0	0	0	0	456	470	
15	0	0	0	0	452	470	
0	0	0	0	0	451	469	
1	0	0	0	0	449	469	
2	0	0	0	0	448	469	
3	0	0	0	0	448	468	
4	0	0	0	0	449	467	
5	0	0	0	0	449	466	
6	0	0	0	0	452	466	
7	0	0	0	0	454	466	
8	0	0	0	0	455	467	
9	0	0	0	0	455	467	
10	0	0	0	0	455	468	
11	0	0	0	0	455	470	
12	0	0	0	0	455	472	
13	0	0	0	0	456	475	
14	0	0	0	0	457	477	
15	0	0	0	0	459	478	
0	0	0	0	0	461	478	
1	0	0	0	0	463	477	
2	0	0	0	0	466	477	
3	0	0	0	0	470	477	
4	0	0	0	0	478	477	
5	0	0	0	0	492	476	
6	0	0	0	0	510	476	
7	0	0	0	0	533	476	
8	0	0	0	0	558	475	
9	0	0	0	0	582	474	
10	0	0	0	0	605	474	
11	0	0	0	0	621	473	
12	0	0	0	0	632	473	
13	0	0	0	0	636	472	
14	0	0	0	0	631	472	
15	0	0	0	0	621	472	
0	0	0	0	0	604	471	
1	0	0	0	0	583	471	
2	0	0	0	0	560	470	
3	0	0	0	0	536	469	
4	0	0	0	0	514	468	
5	0	0	0	0	492	467	
6	0	0	0	0	473	467	
7	0	0	0	0	457	468	
8	0	0	0	0	443	468	
9	0	0	0	0	433	468	
10	0	0	0	0	427	468	
11	0	0	0	0	423	468	
12	0	0	0	0	423	468	
13	0	0	0	0	420	468	
14	0	0	0	0	422	468	
15	0	0	0	0	424	468	
0	0	0	0	0	429	468	
1	0	0	0	0	434	468	
2	0	0	0	0	438	468	
3	0	0	0	0	441	468	
4	0	0	0	0	447	467	
5	0	0	0	0	451	467	
6	0	0	0	0	456	467	
7	0	0	0	0	460	466	
8	0	0	0	0	465	466	
9	0	0	0	0	469	465	
10	0	0	0	0	473	465	
11	0	0	0	0	476	464	
12	0	0	0	0	478	464	
13	0	0	0	0	478	463	
14	0	0	0	0	476	463	
15	0	0	0	0	475	462	
0	0	0	0	0	472	462	
1	0	0	0	0	468	461	
2	0	0	0	0	465	460	
3	0	0	0	0	462	459	
4	0	0	0	0	460	459	
5	0	0	0	0	458	458	
6	0	0	0	0	455	457	
7	0	0	0	0	451	456	
8	0	0	0	0	451	455	
9	0	0	0	0	451	455	
10	0	0	0	0	453	453	
11	0	0	0	0	454	452	
12	0	0	0	0	456	451	
13	0	0	0	0	457	450	
14	0	0	0	0	460	449	
15	0	0	0	0	462	449	
0	0	0	0	0	464	449	
1	0	0	0	0	464	449	
2	0	0	0	0	466	450	
3	0	0	0	0	465	452	
4	0	0	0	0	464	454	
5	0	0	0	0	463	455	
6	0	0	0	0	465	455	
7	0	0	0	0	467	456	
8	0	0	0	0	470	455	
9	0	0	0	0	472	454	
10	0	0	0	0	476	454	
11	0	0	0	0	483	454	
12	0	0	0	0	494	454	
13	0	0	0	0	509	453	
14	0	0	0	0	530	453	
15	0	0	0	0	552	452	
0	0	0	0	0	577	452	
1	0	0	0	0	601	451	
2	0	0	0	0	624	450	
3	0	0	0	0	641	449	
4	0	0	0	0	650	449	
5	0	0	0	0	649	449	
6	0	0	0	0	642	448	
7	0	0	0	0	630	448	
8	0	0	0	0	612	448	
9	0	0	0	0	589	447	
10	0	0	0	0	564	447	
11	0	0	0	0	540	445	
12	0	0	0	0	518	445	
13	0	0	0	0	498	445	
14	0	0	0	0	480	445	
15	0	0	0	0	466	446	
0	0	0	0	0	455	446	
1	0	0	0	0	447	446	
2	0	0	0	0	441	446	
3	0	0	0	0	435	446	
4	0	0	0	0	432	446	
5	0	0	0	0	430	447	
6	0	0	0	0	430	447	
7	0	0	0	0	433	447	
8	0	0	0	0	436	448	
9	0	0	0	0	441	448	
10	0	0	0	0	447	448	
11	0	0	0	0	453	448	
12	0	0	0	0	460	448	
13	0	0	0	0	467	448	
14	0	0	0	0	475	448	
15	0	0	0	0	482	448	
0	0	0	0	0	488	448	
1	0	0	0	0	492	448	
2	0	0	0	0	494	448	
3	0	0	0	0	496	448	
4	0	0	0	0	495	448	
5	0	0	0	0	496	448	
6	0	0	0	0	494	448	
7	0	0	0	0	492	448	
8	0	0	0	0	491	449	
9	0	0	0	0	488	449	
10	0	0	0	0	484	449	
11	0	0	0	0	480	449	
12	0	0	0	0	476	449	
13	0	0	0	0	472	449	
14	0	0	0	0	468	449	
15	0	0	0	0	464	449	
0	0	0	0	0	462	449	
1	0	0	0	0	461	449	
2	0	0	0	0	461	449	
3	0	0	0	0	460	448	
4	0	0	0	0	460	448	
5	0	0	0	0	462	448	
6	0	0	0	0	463	449	
7	0	0	0	0	464	449	
8	0	0	0	0	465	450	
9	0	0	0	0	465	451	
10	0	0	0	0	467	453	
11	0	0	0	0	468	456	
12	0	0	0	0	468	458	
13	0	0	0	0	469	460	
14	0	0	0	0	470	462	
15	0	0	0	0	473	462	
0	0	0	0	0	474	462	
1	0	0	0	0	475	462	
2	0	0	0	0	478	462	
3	0	0	0	0	486	462	
4	0	0	0	0	499	463	
5	0	0	0	0	518	463	
6	0	0	0	0	542	464	
7	0	0	0	0	569	464	
8	0	0	0	0	599	464	
9	0	0	0	0	625	464	
10	0	0	0	0	651	464	
11	0	0	0	0	668	464	
12	0	0	0	0	677	463	
13	0	0	0	0	677	463	
14	0	0	0	0	671	464	
15	0	0	0	0	658	464	
0	0	0	0	0	639	464	
1	0	0	0	0	615	464	
2	0	0	0	0	591	463	
3	0	0	0	0	566	463	
4	0	0	0	0	541	462	
5	0	0	0	0	520	463	
6	0	0	0	0	500	464	
7	0	0	0	0	483	465	
8	0	0	0	0	468	466	
9	0	0	0	0	455	467	
10	0	0	0	0	443	467	
11	0	0	0	0	435	468	
12	0	0	0	0	430	468	
13	0	0	0	0	429	469	
14	0	0	0	0	431	470	
15	0	0	0	0	435	471	
0	0	0	0	0	441	472	
1	0	0	0	0	448	474	
2	0	0	0	0	457	475	
3	0	0	0	0	466	476	
4	0	0	0	0	475	477	
5	0	0	0	0	483	478	
6	0	0	0	0	490	479	
7	0	0	0	0	497	480	
8	0	0	0	0	503	481	
9	0	0	0	0	505	482	
10	0	0	0	0	508	483	
11	0	0	0	0	507	485	
12	0	0	0	0	507	486	
13	0	0	0	0	506	487	
14	0	0	0	0	503	489	
15	0	0	0	0	501	490	
0	0	0	0	0	498	492	
1	0	0	0	0	494	493	
2	0	0	0	0	490	494	
3	0	0	0	0	489	495	
4	0	0	0	0	486	496	
5	0	0	0	0	483	496	
6	0	0	0	0	482	497	
7	0	0	0	0	480	498	
8	0	0	0	0	479	498	
9	0	0	0	0	478	498	
10	0	0	0	0	479	498	
11	0	0	0	0	480	498	
12	0	0	0	0	479	499	
13	0	0	0	0	479	499	
14	0	0	0	0	479	500	
15	0	0	0	0	478	500	
0	0	0	0	0	478	502	
1	0	0	0	0	477	504	
2	0	0	0	0	478	506	
3	0	0	0	0	479	508	
4	0	0	0	0	482	511	
5	0	0	0	0	484	512	
6	0	0	0	0	485	513	
7	0	0	0	0	488	513	
8	0	0	0	0	490	513	
9	0	0	0	0	494	513	
10	0	0	0	0	501	513	
11	0	0	0	0	513	513	
12	0	0	0	0	530	513	
13	0	0	0	0	554	513	
14	0	0	0	0	582	512	
15	0	0	0	0	613	512	
0	0	0	0	0	647	512	
1	0	0	0	0	679	511	
2	0	0	0	0	706	510	
3	0	0	0	0	725	510	
4	0	0	0	0	737	510	
5	0	0	0	0	737	509	
6	0	0	0	0	728	509	
7	0	0	0	0	712	508	
8	0	0	0	0	689	507	
9	0	0	0	0	664	507	
10	0	0	0	0	635	506	
11	0	0	0	0	608	506	
12	0	0	0	0	580	506	
13	0	0	0	0	555	506	
14	0	0	0	0	533	506	
15	0	0	0	0	515	506	
0	0	0	0	0	502	506	
1	0	0	0	0	491	505	
2	0	0	0	0	482	505	
3	0	0	0	0	476	505	
4	0	0	0	0	473	505	
5	0	0	0	0	472	505	
6	0	0	0	0	473	505	
7	0	0	0	0	477	505	
8	0	0	0	0	485	505	
9	0	0	0	0	494	505	
10	0	0	0	0	504	504	
11	0	0	0	0	516	504	
12	0	0	0	0	528	503	
13	0	0	0	0	540	503	
14	0	0	0	0	549	502	
15	0	0	0	0	558	501	
0	0	0	0	0	567	501	
1	0	0	0	0	573	500	
2	0	0	0	0	575	500	
3	0	0	0	0	577	500	
4	0	0	0	0	577	499	
5	0	0	0	0	574	499	
6	0	0	0	0	571	499	
7	0	0	0	0	566	498	
8	0	0	0	0	561	498	
9	0	0	0	0	555	497	
10	0	0	0	0	549	496	
11	0	0	0	0	543	496	
12	0	0	0	0	537	495	
13	0	0	0	0	531	494	
14	0	0	0	0	527	492	
15	0	0	0	0	524	491	
0	0	0	0	0	520	489	
1	0	0	0	0	519	487	
2	0	0	0	0	518	486	
3	0	0	0	0	519	486	
4	0	0	0	0	519	485	
5	0	0	0	0	519	486	
6	0	0	0	0	519	486	
7	0	0	0	0	519	487	
8	0	0	0	0	520	489	
9	0	0	0	0	521	490	
10	0	0	0	0	522	491	
11	0	0	0	0	525	491	
12	0	0	0	0	526	490	
13	0	0	0	0	527	489	
14	0	0	0	0	530	489	
15	0	0	0	0	535	488	
0	0	0	0	0	543	487	
1	0	0	0	0	560	487	
2	0	0	0	0	585	487	
3	0	0	0	0	617	487	
4	0	0	0	0	655	486	
5	0	0	0	0	698	486	
6	0	0	0	0	738	485	
7	0	0	0	0	774	484	
8	0	0	0	0	805	484	
9	0	0	0	0	824	483	
10	0	0	0	0	834	483	
11	0	0	0	0	833	482	
12	0	0	0	0	820	481	
13	0	0	0	0	801	480	
14	0	0	0	0	775	479	
15	0	0	0	0	746	478	
0	0	0	0	0	714	478	
1	0	0	0	0	684	478	
2	0	0	0	0	654	478	
3	0	0	0	0	627	478	
4	0	0	0	0	603	478	
5	0	0	0	0	581	478	
6	0	0	0	0	564	478	
7	0	0	0	0	549	477	
8	0	0	0	0	538	477	
9	0	0	0	0	531	477	
10	0	0	0	0	524	477	
11	0	0	0	0	523	477	
12	0	0	0	0	525	477	
13	0	0	0	0	531	477	
14	0	0	0	0	539	477	
15	0	0	0	0	550	476	
0	0	0	0	0	563	476	
1	0	0	0	0	577	476	
2	0	0	0	0	593	476	
3	0	0	0	0	606	475	
4	0	0	0	0	618	474	
5	0	0	0	0	628	474	
6	0	0	0	0	636	474	
7	0	0	0	0	641	473	
8	0	0	0	0	641	473	
9	0	0	0	0	639	473	
10	0	0	0	0	636	472	
11	0	0	0	0	628	472	
12	0	0	0	0	621	472	
13	0	0	0	0	612	471	
14	0	0	0	0	603	471	
15	0	0	0	0	594	470	
0	0	0	0	0	585	470	
1	0	0	0	0	576	469	
2	0	0	0	0	569	468	
3	0	0	0	0	563	467	
4	0	0	0	0	559	465	
5	0	0	0	0	554	464	
6	0	0	0	0	551	464	
7	0	0	0	0	548	464	
8	0	0	0	0	545	463	
9	0	0	0	0	544	464	
10	0	0	0	0	544	464	
11	0	0	0	0	544	466	
12	0	0	0	0	543	468	
13	0	0	0	0	544	470	
14	0	0	0	0	545	471	
15	0	0	0	0	547	471	
0	0	0	0	0	548	470	
1	0	0	0	0	550	469	
2	0	0	0	0	551	468	
3	0	0	0	0	557	467	
4	0	0	0	0	568	467	
5	0	0	0	0	585	466	
6	0	0	0	0	613	465	
7	0	0	0	0	647	464	
8	0	0	0	0	688	463	
9	0	0	0	0	732	461	
10	0	0	0	0	777	460	
11	0	0	0	0	818	458	
12	0	0	0	0	851	457	
13	0	0	0	0	872	456	
14	0	0	0	0	882	455	
15	0	0	0	0	880	455	
0	0	0	0	0	866	453	
1	0	0	0	0	843	452	
2	0	0	0	0	813	450	
3	0	0	0	0	778	449	
4	0	0	0	0	740	448	
5	0	0	0	0	701	447	
6	0	0	0	0	666	447	
7	0	0	0	0	633	446	
8	0	0	0	0	604	447	
9	0	0	0	0	576	446	
10	0	0	0	0	555	445	
11	0	0	0	0	538	444	
12	0	0	0	0	524	444	
13	0	0	0	0	515	444	
14	0	0	0	0	508	443	
15	0	0	0	0	505	443	
0	0	0	0	0	507	443	
1	0	0	0	0	511	443	
2	0	0	0	0	519	443	
3	0	0	0	0	529	443	
4	0	0	0	0	540	442	
5	0	0	0	0	553	441	
6	0	0	0	0	567	441	
7	0	0	0	0	579	440	
8	0	0	0	0	590	440	
9	0	0	0	0	599	441	
10	0	0	0	0	604	441	
11	0	0	0	0	607	441	
12	0	0	0	0	606	440	
13	0	0	0	0	602	440	
14	0	0	0	0	597	440	
15	0	0	0	0	591	439	
0	0	0	0	0	584	439	
1	0	0	0	0	576	439	
2	0	0	0	0	568	439	
3	0	0	0	0	560	439	
4	0	0	0	0	553	439	
5	0	0	0	0	547	439	
6	0	0	0	0	542	439	
7	0	0	0	0	535	438	
8	0	0	0	0	531	439	
9	0	0	0	0	527	438	
10	0	0	0	0	524	439	
11	0	0	0	0	522	439	
12	0	0	0	0	519	440	
13	0	0	0	0	515	441	
14	0	0	0	0	513	444	
15	0	0	0	0	511	447	
0	0	0	0	0	508	449	
1	0	0	0	0	506	451	
2	0	0	0	0	507	451	
3	0	0	0	0	507	451	
4	0	0	0	0	509	451	
5	0	0	0	0	513	451	
6	0	0	0	0	521	451	
7	0	0	0	0	537	451	
8	0	0	0	0	562	451	
9	0	0	0	0	595	451	
10	0	0	0	0	636	451	
11	0	0	0	0	680	451	
12	0	0	0	0	724	450	
13	0	0	0	0	764	449	
14	0	0	0	0	793	449	
15	0	0	0	0	811	449	
0	0	0	0	0	819	448	
1	0	0	0	0	815	448	
2	0	0	0	0	799	449	
3	0	0	0	0	775	449	
4	0	0	0	0	745	448	
5	0	0	0	0	711	448	
6	0	0	0	0	676	447	
7	0	0	0	0	638	447	
8	0	0	0	0	604	447	
9	0	0	0	0	573	448	
10	0	0	0	0	545	448	
11	0	0	0	0	521	448	
12	0	0	0	0	502	449	
13	0	0	0	0	485	449	
14	0	0	0	0	472	449	
15	0	0	0	0	461	450	
0	0	0	0	0	455	450	
1	0	0	0	0	451	451	
2	0	0	0	0	451	451	
3	0	0	0	0	454	451	
4	0	0	0	0	460	452	
5	0	0	0	0	467	453	
6	0	0	0	0	475	453	
7	0	0	0	0	485	453	
8	0	0	0	0	496	453	
9	0	0	0	0	506	453	
10	0	0	0	0	515	453	
11	0	0	0	0	521	453	
12	0	0	0	0	529	453	
13	0	0	0	0	533	453	
14	0	0	0	0	535	454	
15	0	0	0	0	534	454	
0	0	0	0	0	533	454	
1	0	0	0	0	530	454	
2	0	0	0	0	525	454	
3	0	0	0	0	520	454	
4	0	0	0	0	515	454	
5	0	0	0	0	506	454	
6	0	0	0	0	501	454	
7	0	0	0	0	496	454	
8	0	0	0	0	492	453	
9	0	0	0	0	487	454	
10	0	0	0	0	485	453	
11	0	0	0	0	483	453	
12	0	0	0	0	482	453	
13	0	0	0	0	482	453	
14	0	0	0	0	482	454	
15	0	0	0	0	483	455	
0	0	0	0	0	481	456	
1	0	0	0	0	479	458	
2	0	0	0	0	477	460	
3	0	0	0	0	476	462	
4	0	0	0	0	476	463	
5	0	0	0	0	475	464	
6	0	0	0	0	475	464	
7	0	0	0	0	478	464	
8	0	0	0	0	484	463	
9	0	0	0	0	493	463	
10	0	0	0	0	510	463	
11	0	0	0	0	536	464	
12	0	0	0	0	569	463	
13	0	0	0	0	606	463	
14	0	0	0	0	642	463	
15	0	0	0	0	678	463	
0	0	0	0	0	707	463	
1	0	0	0	0	728	462	
2	0	0	0	0	738	462	
3	0	0	0	0	736	462	
4	0	0	0	0	726	462	
5	0	0	0	0	705	463	
6	0	0	0	0	679	463	
7	0	0	0	0	651	463	
8	0	0	0	0	618	463	
9	0	0	0	0	585	462	
10	0	0	0	0	553	462	
11	0	0	0	0	526	463	
12	0	0	0	0	502	464	
13	0	0	0	0	481	466	
14	0	0	0	0	463	467	
15	0	0	0	0	451	467	
0	0	0	0	0	440	469	
1	0	0	0	0	432	470	
2	0	0	0	0	425	470	
3	0	0	0	0	423	472	
4	0	0	0	0	423	472	
5	0	0	0	0	425	474	
6	0	0	0	0	431	475	
7	0	0	0	0	437	476	
8	0	0	0	0	445	477	
9	0	0	0	0	455	478	
10	0	0	0	0	465	479	
11	0	0	0	0	477	480	
12	0	0	0	0	486	481	
13	0	0	0	0	493	481	
14	0	0	0	0	498	483	
15	0	0	0	0	501	484	
0	0	0	0	0	504	485	
1	0	0	0	0	503	487	
2	0	0	0	0	499	487	
3	0	0	0	0	495	488	
4	0	0	0	0	489	489	
5	0	0	0	0	483	489	
6	0	0	0	0	476	491	
7	0	0	0	0	470	491	
8	0	0	0	0	464	491	
9	0	0	0	0	462	492	
10	0	0	0	0	460	492	
11	0	0	0	0	460	493	
12	0	0	0	0	460	493	
13	0	0	0	0	460	493	
14	0	0	0	0	460	494	
15	0	0	0	0	460	494	
0	0	0	0	0	460	495	
1	0	0	0	0	459	496	
2	0	0	0	0	457	496	
3	0	0	0	0	456	498	
4	0	0	0	0	458	500	
5	0	0	0	0	458	503	
6	0	0	0	0	458	505	
7	0	0	0	0	460	508	
8	0	0	0	0	461	509	
9	0	0	0	0	462	510	
10	0	0	0	0	463	510	
11	0	0	0	0	467	510	
12	0	0	0	0	473	510	
13	0	0	0	0	483	510	
14	0	0	0	0	501	511	
15	0	0	0	0	527	511	
0	0	0	0	0	560	511	
1	0	0	0	0	594	511	
2	0	0	0	0	628	511	
3	0	0	0	0	659	510	
4	0	0	0	0	683	510	
5	0	0	0	0	696	510	
6	0	0	0	0	700	509	
7	0	0	0	0	693	510	
8	0	0	0	0	676	510	
9	0	0	0	0	653	509	
10	0	0	0	0	626	509	
11	0	0	0	0	596	508	
12	0	0	0	0	566	508	
13	0	0	0	0	536	508	
14	0	0	0	0	508	508	
15	0	0	0	0	484	508	
0	0	0	0	0	464	509	
1	0	0	0	0	447	509	
2	0	0	0	0	435	510	
3	0	0	0	0	425	510	
4	0	0	0	0	420	511	
5	0	0	0	0	416	511	
6	0	0	0	0	414	512	
7	0	0	0	0	415	513	
8	0	0	0	0	419	514	
9	0	0	0	0	426	515	
10	0	0	0	0	433	515	
11	0	0	0	0	443	515	
12	0	0	0	0	453	515	
13	0	0	0	0	463	515	
14	0	0	0	0	472	515	
15	0	0	0	0	481	515	
0	0	0	0	0	488	515	
1	0	0	0	0	495	515	
2	0	0	0	0	499	515	
3	0	0	0	0	502	515	
4	0	0	0	0	503	515	
5	0	0	0	0	502	515	
6	0	0	0	0	498	514	
7	0	0	0	0	494	514	
8	0	0	0	0	488	514	
9	0	0	0	0	483	513	
10	0	0	0	0	479	513	
11	0	0	0	0	476	512	
12	0	0	0	0	472	511	
13	0	0	0	0	469	511	
14	0	0	0	0	466	509	
15	0	0	0	0	464	507	
0	0	0	0	0	463	505	
1	0	0	0	0	461	503	
2	0	0	0	0	461	502	
3	0	0	0	0	460	502	
4	0	0	0	0	459	501	
5	0	0	0	0	461	502	
6	0	0	0	0	460	502	
7	0	0	0	0	461	503	
8	0	0	0	0	462	504	
9	0	0	0	0	463	505	
10	0	0	0	0	464	505	
11	0	0	0	0	466	505	
12	0	0	0	0	468	504	
13	0	0	0	0	469	503	
14	0	0	0	0	471	502	
15	0	0	0	0	476	501	
0	0	0	0	0	486	500	
1	0	0	0	0	501	499	
2	0	0	0	0	525	499	
3	0	0	0	0	552	498	
4	0	0	0	0	586	497	
5	0	0	0	0	619	496	
6	0	0	0	0	647	496	
7	0	0	0	0	667	495	
8	0	0	0	0	677	493	
9	0	0	0	0	680	493	
10	0	0	0	0	673	492	
11	0	0	0	0	658	491	
12	0	0	0	0	636	489	
13	0	0	0	0	610	488	
14	0	0	0	0	582	486	
15	0	0	0	0	551	485	
0	0	0	0	0	522	484	
1	0	0	0	0	496	483	
2	0	0	0	0	472	483	
3	0	0	0	0	451	483	
4	0	0	0	0	435	483	
5	0	0	0	0	424	482	
6	0	0	0	0	416	481	
7	0	0	0	0	409	480	
8	0	0	0	0	407	480	
9	0	0	0	0	406	480	
10	0	0	0	0	409	479	
11	0	0	0	0	415	479	
12	0	0	0	0	423	479	
13	0	0	0	0	433	478	
14	0	0	0	0	442	478	
15	0	0	0	0	451	477	
0	0	0	0	0	460	476	
1	0	0	0	0	469	476	
2	0	0	0	0	477	476	
3	0	0	0	0	483	475	
4	0	0	0	0	487	474	
5	0	0	0	0	489	474	
6	0	0	0	0	488	474	
7	0	0	0	0	487	473	
8	0	0	0	0	482	473	
9	0	0	0	0	476	472	
10	0	0	0	0	472	472	
11	0	0	0	0	467	472	
12	0	0	0	0	462	471	
13	0	0	0	0	457	471	
14	0	0	0	0	452	470	
15	0	0	0	0	448	469	
0	0	0	0	0	446	468	
1	0	0	0	0	444	468	
2	0	0	0	0	443	467	
3	0	0	0	0	444	466	
4	0	0	0	0	445	464	
5	0	0	0	0	448	463	
6	0	0	0	0	449	463	
7	0	0	0	0	449	462	
8	0	0	0	0	450	462	
9	0	0	0	0	451	462	
10	0	0	0	0	453	463	
11	0	0	0	0	455	464	
12	0	0	0	0	455	466	
13	0	0	0	0	456	467	
14	0	0	0	0	457	468	
15	0	0	0	0	456	468	
0	0	0	0	0	458	467	
1	0	0	0	0	460	467	
2	0	0	0	0	465	466	
3	0	0	0	0	472	465	
4	0	0	0	0	487	465	
5	0	0	0	0	506	464	
6	0	0	0	0	532	463	
7	0	0	0	0	562	462	
8	0	0	0	0	594	461	
9	0	0	0	0	624	460	
10	0	0	0	0	647	458	
11	0	0	0	0	662	457	
12	0	0	0	0	666	455	
13	0	0	0	0	663	454	
14	0	0	0	0	649	454	
15	0	0	0	0	628	452	
0	0	0	0	0	603	451	
1	0	0	0	0	574	451	
2	0	0	0	0	544	449	
3	0	0	0	0	517	448	
4	0	0	0	0	493	447	
5	0	0	0	0	470	446	
6	0	0	0	0	452	447	
7	0	0	0	0	436	446	
8	0	0	0	0	425	447	
9	0	0	0	0	416	446	
10	0	0	0	0	409	446	
11	0	0	0	0	403	446	
12	0	0	0	0	400	445	
13	0	0	0	0	399	445	
14	0	0	0	0	401	445	
15	0	0	0	0	403	445	
0	0	0	0	0	409	446	
1	0	0	0	0	417	445	
2	0	0	0	0	424	445	
3	0	0	0	0	434	446	
4	0	0	0	0	444	445	
5	0	0	0	0	454	445	
6	0	0	0	0	461	445	
7	0	0	0	0	466	444	
8	0	0	0	0	469	444	
9	0	0	0	0	469	445	
10	0	0	0	0	468	445	
11	0	0	0	0	466	445	
12	0	0	0	0	463	445	
13	0	0	0	0	461	445	
14	0	0	0	0	457	445	
15	0	0	0	0	455	445	
0	0	0	0	0	453	444	
1	0	0	0	0	451	445	
2	0	0	0	0	448	445	
3	0	0	0	0	444	445	
4	0	0	0	0	440	445	
5	0	0	0	0	438	445	
6	0	0	0	0	436	445	
7	0	0	0	0	437	445	
8	0	0	0	0	438	444	
9	0	0	0	0	440	444	
10	0	0	0	0	442	444	
11	0	0	0	0	442	444	
12	0	0	0	0	444	444	
13	0	0	0	0	444	445	
14	0	0	0	0	446	445	
15	0	0	0	0	448	446	
0	0	0	0	0	450	448	
1	0	0	0	0	450	450	
2	0	0	0	0	450	452	
3	0	0	0	0	450	455	
4	0	0	0	0	449	455	
5	0	0	0	0	448	456	
6	0	0	0	0	449	456	
7	0	0	0	0	452	455	
8	0	0	0	0	461	456	
9	0	0	0	0	473	455	
10	0	0	0	0	494	455	
11	0	0	0	0	521	455	
12	0	0	0	0	555	456	
13	0	0	0	0	589	455	
14	0	0	0	0	622	455	
15	0	0	0	0	649	454	
0	0	0	0	0	670	454	
1	0	0	0	0	679	452	
2	0	0	0	0	681	452	
3	0	0	0	0	672	452	
4	0	0	0	0	654	452	
5	0	0	0	0	628	452	
6	0	0	0	0	599	451	
7	0	0	0	0	568	451	
8	0	0	0	0	538	450	
9	0	0	0	0	510	449	
10	0	0	0	0	485	448	
11	0	0	0	0	465	448	
12	0	0	0	0	448	448	
13	0	0	0	0	434	448	
14	0	0	0	0	422	448	
15	0	0	0	0	414	449	
0	0	0	0	0	405	449	
1	0	0	0	0	399	449	
2	0	0	0	0	395	449	
3	0	0	0	0	393	450	
4	0	0	0	0	393	450	
5	0	0	0	0	396	450	
6	0	0	0	0	400	451	
7	0	0	0	0	408	451	
8	0	0	0	0	418	451	
9	0	0	0	0	426	452	
10	0	0	0	0	435	451	
11	0	0	0	0	443	451	
12	0	0	0	0	451	452	
13	0	0	0	0	457	452	
14	0	0	0	0	464	452	
15	0	0	0	0	467	452	
0	0	0	0	0	467	452	
1	0	0	0	0	467	453	
2	0	0	0	0	466	453	
3	0	0	0	0	464	454	
4	0	0	0	0	461	454	
5	0	0	0	0	457	455	
6	0	0	0	0	452	455	
7	0	0	0	0	448	457	
8	0	0	0	0	443	458	
9	0	0	0	0	439	459	
10	0	0	0	0	436	459	
11	0	0	0	0	432	460	
12	0	0	0	0	431	461	
13	0	0	0	0	429	462	
14	0	0	0	0	429	463	
15	0	0	0	0	430	464	
0	0	0	0	0	433	465	
1	0	0	0	0	435	465	
2	0	0	0	0	439	467	
3	0	0	0	0	442	467	
4	0	0	0	0	445	469	
5	0	0	0	0	446	471	
6	0	0	0	0	448	472	
7	0	0	0	0	451	475	
8	0	0	0	0	452	477	
9	0	0	0	0	452	480	
10	0	0	0	0	451	483	
11	0	0	0	0	449	487	
12	0	0	0	0	450	490	
13	0	0	0	0	451	492	
14	0	0	0	0	451	493	
15	0	0	0	0	452	494	
0	0	0	0	0	455	495	
1	0	0	0	0	463	496	
2	0	0	0	0	476	497	
3	0	0	0	0	498	498	
4	0	0	0	0	526	499	
5	0	0	0	0	559	499	
6	0	0	0	0	593	500	
7	0	0	0	0	625	500	
8	0	0	0	0	652	501	
9	0	0	0	0	671	501	
10	0	0	0	0	680	501	
11	0	0	0	0	680	502	
12	0	0	0	0	668	502	
13	0	0	0	0	649	503	
14	0	0	0	0	623	504	
15	0	0	0	0	593	504	
0	0	0	0	0	560	504	
1	0	0	0	0	529	504	
2	0	0	0	0	502	503	
3	0	0	0	0	476	504	
4	0	0	0	0	456	504	
5	0	0	0	0	440	505	
6	0	0	0	0	428	505	
7	0	0	0	0	418	506	
8	0	0	0	0	409	505	
9	0	0	0	0	401	507	
10	0	0	0	0	397	507	
11	0	0	0	0	396	507	
12	0	0	0	0	397	508	
13	0	0	0	0	402	508	
14	0	0	0	0	407	508	
15	0	0	0	0	414	509	
0	0	0	0	0	420	509	
1	0	0	0	0	429	509	
2	0	0	0	0	437	509	
3	0	0	0	0	446	509	
4	0	0	0	0	455	509	
5	0	0	0	0	462	508	
6	0	0	0	0	468	508	
7	0	0	0	0	472	508	
8	0	0	0	0	476	508	
9	0	0	0	0	478	508	
10	0	0	0	0	479	507	
11	0	0	0	0	478	507	
12	0	0	0	0	477	507	
13	0	0	0	0	475	507	
14	0	0	0	0	471	507	
15	0	0	0	0	467	507	
0	0	0	0	0	463	507	
1	0	0	0	0	459	507	
2	0	0	0	0	455	506	
3	0	0	0	0	453	505	
4	0	0	0	0	450	505	
5	0	0	0	0	446	504	
6	0	0	0	0	444	504	
7	0	0	0	0	443	503	
8	0	0	0	0	444	503	
9	0	0	0	0	445	503	
10	0	0	0	0	446	501	
11	0	0	0	0	447	499	
12	0	0	0	0	450	498	
13	0	0	0	0	452	496	
14	0	0	0	0	453	496	
15	0	0	0	0	455	496	
0	0	0	0	0	456	496	
1	0	0	0	0	459	496	
2	0	0	0	0	459	497	
3	0	0	0	0	460	498	
4	0	0	0	0	462	500	
5	0	0	0	0	462	502	
6	0	0	0	0	462	503	
7	0	0	0	0	461	503	
8	0	0	0	0	461	503	
9	0	0	0	0	460	503	
10	0	0	0	0	462	502	
11	0	0	0	0	468	502	
12	0	0	0	0	478	502	
13	0	0	0	0	493	502	
14	0	0	0	0	517	501	
15	0	0	0	0	547	500	
0	0	0	0	0	581	500	
1	0	0	0	0	615	499	
2	0	0	0	0	646	498	
3	0	0	0	0	669	497	
4	0	0	0	0	683	497	
5	0	0	0	0	685	496	
6	0	0	0	0	679	496	
7	0	0	0	0	663	495	
8	0	0	0	0	639	494	
9	0	0	0	0	609	493	
10	0	0	0	0	578	492	
11	0	0	0	0	547	491	
12	0	0	0	0	518	489	
13	0	0	0	0	490	489	
14	0	0	0	0	467	489	
15	0	0	0	0	447	489	
0	0	0	0	0	430	489	
1	0	0	0	0	416	489	
2	0	0	0	0	407	489	
3	0	0	0	0	401	489	
4	0	0	0	0	398	489	
5	0	0	0	0	398	489	
6	0	0	0	0	399	489	
7	0	0	0	0	404	489	
8	0	0	0	0	411	489	
9	0	0	0	0	418	490	
10	0	0	0	0	427	489	
11	0	0	0	0	436	489	
12	0	0	0	0	446	489	
13	0	0	0	0	455	488	
14	0	0	0	0	465	488	
15	0	0	0	0	475	487	
0	0	0	0	0	481	487	
1	0	0	0	0	486	487	
2	0	0	0	0	489	486	
3	0	0	0	0	489	486	
4	0	0	0	0	489	486	
5	0	0	0	0	485	485	
6	0	0	0	0	480	485	
7	0	0	0	0	476	484	
8	0	0	0	0	472	484	
9	0	0	0	0	470	484	
10	0	0	0	0	466	484	
11	0	0	0	0	465	483	
12	0	0	0	0	463	483	
13	0	0	0	0	462	482	
14	0	0	0	0	459	481	
15	0	0	0	0	457	481	
0	0	0	0	0	456	480	
1	0	0	0	0	456	479	
2	0	0	0	0	456	478	
3	0	0	0	0	455	477	
4	0	0	0	0	456	476	
5	0	0	0	0	456	475	
6	0	0	0	0	456	473	
7	0	0	0	0	457	472	
8	0	0	0	0	459	471	
9	0	0	0	0	459	471	
10	0	0	0	0	459	470	
11	0	0	0	0	459	471	
12	0	0	0	0	459	471	
13	0	0	0	0	460	472	
14	0	0	0	0	458	474	
15	0	0	0	0	459	476	
0	0	0	0	0	459	477	
1	0	0	0	0	458	477	
2	0	0	0	0	459	477	
3	0	0	0	0	458	476	
4	0	0	0	0	462	476	
5	0	0	0	0	468	476	
6	0	0	0	0	479	476	
7	0	0	0	0	498	476	
8	0	0	0	0	523	475	
9	0	0	0	0	554	474	
10	0	0	0	0	588	474	
11	0	0	0	0	621	473	
12	0	0	0	0	648	472	
13	0	0	0	0	668	472	
14	0	0	0	0	679	471	
15	0	0	0	0	680	471	
0	0	0	0	0	672	471	
1	0	0	0	0	655	470	
2	0	0	0	0	632	470	
3	0	0	0	0	604	468	
4	0	0	0	0	575	468	
5	0	0	0	0	544	467	
6	0	0	0	0	515	466	
7	0	0	0	0	489	465	
8	0	0	0	0	467	465	
9	0	0	0	0	448	466	
10	0	0	0	0	434	466	
11	0	0	0	0	423	466	
12	0	0	0	0	414	466	
13	0	0	0	0	408	466	
14	0	0	0	0	403	466	
15	0	0	0	0	400	466	
0	0	0	0	0	400	465	
1	0	0	0	0	402	466	
2	0	0	0	0	407	466	
3	0	0	0	0	413	466	
4	0	0	0	0	422	466	
5	0	0	0	0	433	466	
6	0	0	0	0	443	466	
7	0	0	0	0	454	465	
8	0	0	0	0	463	465	
9	0	0	0	0	472	464	
10	0	0	0	0	479	464	
11	0	0	0	0	481	463	
12	0	0	0	0	483	463	
13	0	0	0	0	481	462	
14	0	0	0	0	479	461	
15	0	0	0	0	476	461	
0	0	0	0	0	472	460	
1	0	0	0	0	469	459	
2	0	0	0	0	464	459	
3	0	0	0	0	462	458	
4	0	0	0	0	458	458	
5	0	0	0	0	454	457	
6	0	0	0	0	449	457	
7	0	0	0	0	446	456	
8	0	0	0	0	443	455	
9	0	0	0	0	443	455	
10	0	0	0	0	442	455	
11	0	0	0	0	443	454	
12	0	0	0	0	442	454	
13	0	0	0	0	444	453	
14	0	0	0	0	446	452	
15	0	0	0	0	447	452	
0	0	0	0	0	452	451	
1	0	0	0	0	455	451	
2	0	0	0	0	458	450	
3	0	0	0	0	460	450	
4	0	0	0	0	461	450	
5	0	0	0	0	460	451	
6	0	0	0	0	460	451	
7	0	0	0	0	460	453	
8	0	0	0	0	460	455	
9	0	0	0	0	460	457	
10	0	0	0	0	461	459	
11	0	0	0	0	460	460	
12	0	0	0	0	460	460	
13	0	0	0	0	460	460	
14	0	0	0	0	460	459	
15	0	0	0	0	463	459	
0	0	0	0	0	471	459	
1	0	0	0	0	485	459	
2	0	0	0	0	507	459	
3	0	0	0	0	536	458	
4	0	0	0	0	569	458	
5	0	0	0	0	603	458	
6	0	0	0	0	636	457	
7	0	0	0	0	665	456	
8	0	0	0	0	684	455	
9	0	0	0	0	695	454	
10	0	0	0	0	695	454	
11	0	0	0	0	686	454	
12	0	0	0	0	668	454	
13	0	0	0	0	644	454	
14	0	0	0	0	616	453	
15	0	0	0	0	586	452	
0	0	0	0	0	555	451	
1	0	0	0	0	526	451	
2	0	0	0	0	500	451	
3	0	0	0	0	479	451	
4	0	0	0	0	462	452	
5	0	0	0	0	448	453	
6	0	0	0	0	438	453	
7	0	0	0	0	429	453	
8	0	0	0	0	423	454	
9	0	0	0	0	416	454	
10	0	0	0	0	414	455	
11	0	0	0	0	414	455	
12	0	0	0	0	417	456	
13	0	0	0	0	421	457	
14	0	0	0	0	427	457	
15	0	0	0	0	435	458	
0	0	0	0	0	443	458	
1	0	0	0	0	450	458	
2	0	0	0	0	458	459	
3	0	0	0	0	465	458	
4	0	0	0	0	471	459	
5	0	0	0	0	478	459	
6	0	0	0	0	481	459	
7	0	0	0	0	486	459	
8	0	0	0	0	489	459	
9	0	0	0	0	491	460	
10	0	0	0	0	489	460	
11	0	0	0	0	486	460	
12	0	0	0	0	483	460	
13	0	0	0	0	478	460	
14	0	0	0	0	472	460	
15	0	0	0	0	467	460	
0	0	0	0	0	462	461	
1	0	0	0	0	457	461	
2	0	0	0	0	453	461	
3	0	0	0	0	449	462	
4	0	0	0	0	445	462	
5	0	0	0	0	442	462	
6	0	0	0	0	443	462	
7	0	0	0	0	442	462	
8	0	0	0	0	443	463	
9	0	0	0	0	443	463	
10	0	0	0	0	445	463	
11	0	0	0	0	447	463	
12	0	0	0	0	450	463	
13	0	0	0	0	453	463	
14	0	0	0	0	455	464	
15	0	0	0	0	458	464	
0	0	0	0	0	461	465	
1	0	0	0	0	461	467	
2	0	0	0	0	462	469	
3	0	0	0	0	464	472	
4	0	0	0	0	465	475	
5	0	0	0	0	464	478	
6	0	0	0	0	464	480	
7	0	0	0	0	462	482	
8	0	0	0	0	462	482	
9	0	0	0	0	462	483	
10	0	0	0	0	466	484	
11	0	0	0	0	472	485	
12	0	0	0	0	486	486	
13	0	0	0	0	508	487	
14	0	0	0	0	536	488	
15	0	0	0	0	570	489	
0	0	0	0	0	605	489	
1	0	0	0	0	639	490	
2	0	0	0	0	670	491	
3	0	0	0	0	692	491	
4	0	0	0	0	706	492	
5	0	0	0	0	707	492	
6	0	0	0	0	698	494	
7	0	0	0	0	679	495	
8	0	0	0	0	656	496	
9	0	0	0	0	627	497	
10	0	0	0	0	595	497	
11	0	0	0	0	564	497	
12	0	0	0	0	535	498	
13	0	0	0	0	508	499	
14	0	0	0	0	485	500	
15	0	0	0	0	465	503	
0	0	0	0	0	449	504	
1	0	0	0	0	434	505	
2	0	0	0	0	423	506	
3	0	0	0	0	415	507	
4	0	0	0	0	411	508	
5	0	0	0	0	409	510	
6	0	0	0	0	410	510	
7	0	0	0	0	412	512	
8	0	0	0	0	418	513	
9	0	0	0	0	423	514	
10	0	0	0	0	432	515	
11	0	0	0	0	442	515	
12	0	0	0	0	454	516	
13	0	0	0	0	465	516	
14	0	0	0	0	475	517	
15	0	0	0	0	486	517	
0	0	0	0	0	495	517	
1	0	0	0	0	502	518	
2	0	0	0	0	508	518	
3	0	0	0	0	510	518	
4	0	0	0	0	511	518	
5	0	0	0	0	511	518	
6	0	0	0	0	508	518	
7	0	0	0	0	505	518	
8	0	0	0	0	501	519	
9	0	0	0	0	494	519	
10	0	0	0	0	489	519	
11	0	0	0	0	484	519	
12	0	0	0	0	480	518	
13	0	0	0	0	478	518	
14	0	0	0	0	476	518	
15	0	0	0	0	473	518	
0	0	0	0	0	472	517	
1	0	0	0	0	471	517	
2	0	0	0	0	471	517	
3	0	0	0	0	471	516	
4	0	0	0	0	471	515	
5	0	0	0	0	471	513	
6	0	0	0	0	472	512	
7	0	0	0	0	472	511	
8	0	0	0	0	473	511	
9	0	0	0	0	474	510	
10	0	0	0	0	475	510	
11	0	0	0	0	476	511	
12	0	0	0	0	476	512	
13	0	0	0	0	477	513	
14	0	0	0	0	479	515	
15	0	0	0	0	480	516	
0	0	0	0	0	480	516	
1	0	0	0	0	482	515	
2	0	0	0	0	483	514	
3	0	0	0	0	484	514	
4	0	0	0	0	489	513	
5	0	0	0	0	498	512	
6	0	0	0	0	513	512	
7	0	0	0	0	537	511	
8	0	0	0	0	568	510	
9	0	0	0	0	604	509	
10	0	0	0	0	643	508	
11	0	0	0	0	679	507	
12	0	0	0	0	709	506	
13	0	0	0	0	731	505	
14	0	0	0	0	742	505	
15	0	0	0	0	742	504	
0	0	0	0	0	731	503	
1	0	0	0	0	711	502	
2	0	0	0	0	686	501	
3	0	0	0	0	655	500	
4	0	0	0	0	622	499	
5	0	0	0	0	587	498	
6	0	0	0	0	555	498	
7	0	0	0	0	524	498	
8	0	0	0	0	499	498	
9	0	0	0	0	477	498	
10	0	0	0	0	459	498	
11	0	0	0	0	445	497	
12	0	0	0	0	436	497	
13	0	0	0	0	430	497	
14	0	0	0	0	429	496	
15	0	0	0	0	429	496	
0	0	0	0	0	433	496	
1	0	0	0	0	441	496	
2	0	0	0	0	451	496	
3	0	0	0	0	463	496	
4	0	0	0	0	475	496	
5	0	0	0	0	487	495	
6	0	0	0	0	499	495	
7	0	0	0	0	510	495	
8	0	0	0	0	519	494	
9	0	0	0	0	527	494	
10	0	0	0	0	533	493	
11	0	0	0	0	537	492	
12	0	0	0	0	540	492	
13	0	0	0	0	540	492	
14	0	0	0	0	538	492	
15	0	0	0	0	535	491	
0	0	0	0	0	531	491	
1	0	0	0	0	525	490	
2	0	0	0	0	520	490	
3	0	0	0	0	514	489	
4	0	0	0	0	509	489	
5	0	0	0	0	503	488	
6	0	0	0	0	498	488	
7	0	0	0	0	492	487	
8	0	0	0	0	488	487	
9	0	0	0	0	486	486	
10	0	0	0	0	484	484	
11	0	0	0	0	482	483	
12	0	0	0	0	481	481	
13	0	0	0	0	481	481	
14	0	0	0	0	480	480	
15	0	0	0	0	480	480	
0	0	0	0	0	482	480	
1	0	0	0	0	483	480	
2	0	0	0	0	484	481	
3	0	0	0	0	485	483	
4	0	0	0	0	488	485	
5	0	0	0	0	491	486	
6	0	0	0	0	492	487	
7	0	0	0	0	494	486	
8	0	0	0	0	496	486	
9	0	0	0	0	497	486	
10	0	0	0	0	499	485	
11	0	0	0	0	504	485	
12	0	0	0	0	516	484	
13	0	0	0	0	538	484	
14	0	0	0	0	568	484	
15	0	0	0	0	604	483	
0	0	0	0	0	644	483	
1	0	0	0	0	685	482	
2	0	0	0	0	721	482	
3	0	0	0	0	750	481	
4	0	0	0	0	767	480	
5	0	0	0	0	773	480	
6	0	0	0	0	767	480	
7	0	0	0	0	751	479	
8	0	0	0	0	726	478	
9	0	0	0	0	697	476	
10	0	0	0	0	664	476	
11	0	0	0	0	629	475	
12	0	0	0	0	595	474	
13	0	0	0	0	565	474	
14	0	0	0	0	537	475	
15	0	0	0	0	513	475	
0	0	0	0	0	494	475	
1	0	0	0	0	478	475	
2	0	0	0	0	466	475	
3	0	0	0	0	457	474	
4	0	0	0	0	452	475	
5	0	0	0	0	450	474	
6	0	0	0	0	452	475	
7	0	0	0	0	457	475	
8	0	0	0	0	463	475	
9	0	0	0	0	471	475	
10	0	0	0	0	482	475	
11	0	0	0	0	493	475	
12	0	0	0	0	505	475	
13	0	0	0	0	518	475	
14	0	0	0	0	532	475	
15	0	0	0	0	543	475	
0	0	0	0	0	553	475	
1	0	0	0	0	560	475	
2	0	0	0	0	563	475	
3	0	0	0	0	565	475	
4	0	0	0	0	561	475	
5	0	0	0	0	558	475	
6	0	0	0	0	552	474	
7	0	0	0	0	546	474	
8	0	0	0	0	539	474	
9	0	0	0	0	532	473	
10	0	0	0	0	527	473	
11	0	0	0	0	520	473	
12	0	0	0	0	513	472	
13	0	0	0	0	508	472	
14	0	0	0	0	504	472	
15	0	0	0	0	500	471	
0	0	0	0	0	497	470	
1	0	0	0	0	495	469	
2	0	0	0	0	493	468	
3	0	0	0	0	492	468	
4	0	0	0	0	491	468	
5	0	0	0	0	492	468	
6	0	0	0	0	492	468	
7	0	0	0	0	492	470	
8	0	0	0	0	493	471	
9	0	0	0	0	493	473	
10	0	0	0	0	494	475	
11	0	0	0	0	494	475	
12	0	0	0	0	496	475	
13	0	0	0	0	496	474	
14	0	0	0	0	497	473	
15	0	0	0	0	503	472	
0	0	0	0	0	511	472	
1	0	0	0	0	528	472	
2	0	0	0	0	552	471	
3	0	0	0	0	588	470	
4	0	0	0	0	630	469	
5	0	0	0	0	675	468	
6	0	0	0	0	719	467	
7	0	0	0	0	756	466	
8	0	0	0	0	787	466	
9	0	0	0	0	805	465	
10	0	0	0	0	810	463	
11	0	0	0	0	803	463	
12	0	0	0	0	784	463	
13	0	0	0	0	758	462	
14	0	0	0	0	726	462	
15	0	0	0	0	689	460	
0	0	0	0	0	653	460	
1	0	0	0	0	616	460	
2	0	0	0	0	583	460	
3	0	0	0	0	555	461	
4	0	0	0	0	530	462	
5	0	0	0	0	508	462	
6	0	0	0	0	489	462	
7	0	0	0	0	474	462	
8	0	0	0	0	463	462	
9	0	0	0	0	454	462	
10	0	0	0	0	450	463	
11	0	0	0	0	449	463	
12	0	0	0	0	452	463	
13	0	0	0	0	459	464	
14	0	0	0	0	467	464	
15	0	0	0	0	480	465	
0	0	0	0	0	492	465	
1	0	0	0	0	505	465	
2	0	0	0	0	517	465	
3	0	0	0	0	529	465	
4	0	0	0	0	540	465	
5	0	0	0	0	548	466	
6	0	0	0	0	555	466	
7	0	0	0	0	561	466	
8	0	0	0	0	564	467	
9	0	0	0	0	564	467	
10	0	0	0	0	562	467	
11	0	0	0	0	557	467	
12	0	0	0	0	553	467	
13	0	0	0	0	547	467	
14	0	0	0	0	539	468	
15	0	0	0	0	529	468	
0	0	0	0	0	521	468	
1	0	0	0	0	513	468	
2	0	0	0	0	506	468	
3	0	0	0	0	501	469	
4	0	0	0	0	496	468	
5	0	0	0	0	494	468	
6	0	0	0	0	491	468	
7	0	0	0	0	489	468	
8	0	0	0	0	488	469	
9	0	0	0	0	487	469	
10	0	0	0	0	487	470	
11	0	0	0	0	488	472	
12	0	0	0	0	489	473	
13	0	0	0	0	489	476	
14	0	0	0	0	491	478	
15	0	0	0	0	492	481	
0	0	0	0	0	494	482	
1	0	0	0	0	494	482	
2	0	0	0	0	495	482	
3	0	0	0	0	499	481	
4	0	0	0	0	505	482	
5	0	0	0	0	518	483	
6	0	0	0	0	538	483	
7	0	0	0	0	570	483	
8	0	0	0	0	609	483	
9	0	0	0	0	655	484	
10	0	0	0	0	700	484	
11	0	0	0	0	743	484	
12	0	0	0	0	779	484	
13	0	0	0	0	805	484	
14	0	0	0	0	817	484	
15	0	0	0	0	816	485	
0	0	0	0	0	803	485	
1	0	0	0	0	777	487	
2	0	0	0	0	744	487	
3	0	0	0	0	707	487	
4	0	0	0	0	667	487	
5	0	0	0	0	626	488	
6	0	0	0	0	586	489	
7	0	0	0	0	552	491	
8	0	0	0	0	521	493	
9	0	0	0	0	495	495	
10	0	0	0	0	473	496	
11	0	0	0	0	455	497	
12	0	0	0	0	441	498	
13	0	0	0	0	431	499	
14	0	0	0	0	425	500	
15	0	0	0	0	424	502	
0	0	0	0	0	428	503	
1	0	0	0	0	432	504	
2	0	0	0	0	440	505	
3	0	0	0	0	451	507	
4	0	0	0	0	464	508	
5	0	0	0	0	480	509	
6	0	0	0	0	494	509	
7	0	0	0	0	508	510	
8	0	0	0	0	523	511	
9	0	0	0	0	534	512	
10	0	0	0	0	543	513	
11	0	0	0	0	550	513	
12	0	0	0	0	554	514	
13	0	0	0	0	556	515	
14	0	0	0	0	554	515	
15	0	0	0	0	550	516	
0	0	0	0	0	546	516	
1	0	0	0	0	539	517	
2	0	0	0	0	532	517	
3	0	0	0	0	524	517	
4	0	0	0	0	518	517	
5	0	0	0	0	511	517	
6	0	0	0	0	504	518	
7	0	0	0	0	501	517	
8	0	0	0	0	499	517	
9	0	0	0	0	496	515	
10	0	0	0	0	493	515	
11	0	0	0	0	490	514	
12	0	0	0	0	489	514	
13	0	0	0	0	489	513	
14	0	0	0	0	487	513	
15	0	0	0	0	485	514	
0	0	0	0	0	484	516	
1	0	0	0	0	483	518	
2	0	0	0	0	483	520	
3	0	0	0	0	484	521	
4	0	0	0	0	487	522	
5	0	0	0	0	488	521	
6	0	0	0	0	491	521	
7	0	0	0	0	495	521	
8	0	0	0	0	500	520	
9	0	0	0	0	508	520	
10	0	0	0	0	525	519	
11	0	0	0	0	552	519	
12	0	0	0	0	588	519	
13	0	0	0	0	631	518	
14	0	0	0	0	676	517	
15	0	0	0	0	720	516	
0	0	0	0	0	758	516	
1	0	0	0	0	784	515	
2	0	0	0	0	800	514	
3	0	0	0	0	801	513	
4	0	0	0	0	791	513	
5	0	0	0	0	768	511	
6	0	0	0	0	736	511	
7	0	0	0	0	699	510	
8	0	0	0	0	657	509	
9	0	0	0	0	615	508	
10	0	0	0	0	574	508	
11	0	0	0	0	537	508	
12	0	0	0	0	504	508	
13	0	0	0	0	477	508	
14	0	0	0	0	454	508	
15	0	0	0	0	440	507	
0	0	0	0	0	427	506	
1	0	0	0	0	418	507	
2	0	0	0	0	414	506	
3	0	0	0	0	412	506	
4	0	0	0	0	414	507	
5	0	0	0	0	419	506	
6	0	0	0	0	427	506	
7	0	0	0	0	439	505	
8	0	0	0	0	453	504	
9	0	0	0	0	467	504	
10	0	0	0	0	484	503	
11	0	0	0	0	499	502	
12	0	0	0	0	515	501	
13	0	0	0	0	527	500	
14	0	0	0	0	538	500	
15	0	0	0	0	543	499	
0	0	0	0	0	547	498	
1	0	0	0	0	547	498	
2	0	0	0	0	545	497	
3	0	0	0	0	541	496	
4	0	0	0	0	534	496	
5	0	0	0	0	526	496	
6	0	0	0	0	518	495	
7	0	0	0	0	510	494	
8	0	0	0	0	503	494	
9	0	0	0	0	495	493	
10	0	0	0	0	488	492	
11	0	0	0	0	483	491	
12	0	0	0	0	479	490	
13	0	0	0	0	475	488	
14	0	0	0	0	473	487	
15	0	0	0	0	472	487	
0	0	0	0	0	471	486	
1	0	0	0	0	470	486	
2	0	0	0	0	469	486	
3	0	0	0	0	469	487	
4	0	0	0	0	469	489	
5	0	0	0	0	470	491	
6	0	0	0	0	470	493	
7	0	0	0	0	472	494	
8	0	0	0	0	474	494	
9	0	0	0	0	476	494	
10	0	0	0	0	478	494	
11	0	0	0	0	481	493	
12	0	0	0	0	487	493	
13	0	0	0	0	501	493	
14	0	0	0	0	524	492	
15	0	0	0	0	557	492	
0	0	0	0	0	598	492	
1	0	0	0	0	642	491	
2	0	0	0	0	684	491	
3	0	0	0	0	722	490	
4	0	0	0	0	752	489	
5	0	0	0	0	770	489	
6	0	0	0	0	777	489	
7	0	0	0	0	769	487	
8	0	0	0	0	751	487	
9	0	0	0	0	720	486	
10	0	0	0	0	684	485	
11	0	0	0	0	644	484	
12	0	0	0	0	603	483	
13	0	0	0	0	560	484	
14	0	0	0	0	521	484	
15	0	0	0	0	486	484	
0	0	0	0	0	458	485	
1	0	0	0	0	435	485	
2	0	0	0	0	417	484	
3	0	0	0	0	401	484	
4	0	0	0	0	390	484	
5	0	0	0	0	383	484	
6	0	0	0	0	381	484	
7	0	0	0	0	383	484	
8	0	0	0	0	390	484	
9	0	0	0	0	401	484	
10	0	0	0	0	415	485	
11	0	0	0	0	430	485	
12	0	0	0	0	446	485	
13	0	0	0	0	462	484	
14	0	0	0	0	478	484	
15	0	0	0	0	493	484	
0	0	0	0	0	507	484	
1	0	0	0	0	518	484	
2	0	0	0	0	525	484	
3	0	0	0	0	528	484	
4	0	0	0	0	530	484	
5	0	0	0	0	529	483	
6	0	0	0	0	525	483	
7	0	0	0	0	520	483	
8	0	0	0	0	513	483	
9	0	0	0	0	505	483	
10	0	0	0	0	498	483	
11	0	0	0	0	490	483	
12	0	0	0	0	483	482	
13	0	0	0	0	476	482	
14	0	0	0	0	469	481	
15	0	0	0	0	462	480	
0	0	0	0	0	459	480	
1	0	0	0	0	456	479	
2	0	0	0	0	452	479	
3	0	0	0	0	450	479	
4	0	0	0	0	448	479	
5	0	0	0	0	449	480	
6	0	0	0	0	450	481	
7	0	0	0	0	452	483	
8	0	0	0	0	453	486	
9	0	0	0	0	454	489	
10	0	0	0	0	455	490	
11	0	0	0	0	456	490	
12	0	0	0	0	459	490	
13	0	0	0	0	462	489	
14	0	0	0	0	467	489	
15	0	0	0	0	479	489	
0	0	0	0	0	495	489	
1	0	0	0	0	520	489	
2	0	0	0	0	555	489	
3	0	0	0	0	595	488	
4	0	0	0	0	640	488	
5	0	0	0	0	681	487	
6	0	0	0	0	717	486	
7	0	0	0	0	744	485	
8	0	0	0	0	759	484	
9	0	0	0	0	760	484	
10	0	0	0	0	750	484	
11	0	0	0	0	727	483	
12	0	0	0	0	694	481	
13	0	0	0	0	655	481	
14	0	0	0	0	614	479	
15	0	0	0	0	573	479	
0	0	0	0	0	533	478	
1	0	0	0	0	496	479	
2	0	0	0	0	463	479	
3	0	0	0	0	435	479	
4	0	0	0	0	414	479	
5	0	0	0	0	399	478	
6	0	0	0	0	387	478	
7	0	0	0	0	378	477	
8	0	0	0	0	372	477	
9	0	0	0	0	371	477	
10	0	0	0	0	375	477	
11	0	0	0	0	382	477	
12	0	0	0	0	391	476	
13	0	0	0	0	403	476	
14	0	0	0	0	415	475	
15	0	0	0	0	431	475	
0	0	0	0	0	445	474	
1	0	0	0	0	458	472	
2	0	0	0	0	472	472	
3	0	0	0	0	483	471	
4	0	0	0	0	491	470	
5	0	0	0	0	498	470	
6	0	0	0	0	500	469	
7	0	0	0	0	503	468	
8	0	0	0	0	503	467	
9	0	0	0	0	499	467	
10	0	0	0	0	493	466	
11	0	0	0	0	487	465	
12	0	0	0	0	480	464	
13	0	0	0	0	472	463	
14	0	0	0	0	466	462	
15	0	0	0	0	461	462	
0	0	0	0	0	457	460	
1	0	0	0	0	453	460	
2	0	0	0	0	449	459	
3	0	0	0	0	447	457	
4	0	0	0	0	446	456	
5	0	0	0	0	444	455	
6	0	0	0	0	443	455	
7	0	0	0	0	441	455	
8	0	0	0	0	441	455	
9	0	0	0	0	442	455	
10	0	0	0	0	442	457	
11	0	0	0	0	443	459	
12	0	0	0	0	444	461	
13	0	0	0	0	445	463	
14	0	0	0	0	447	463	
15	0	0	0	0	448	463	
0	0	0	0	0	450	462	
1	0	0	0	0	452	461	
2	0	0	0	0	458	461	
3	0	0	0	0	469	460	
4	0	0	0	0	491	460	
5	0	0	0	0	522	460	
6	0	0	0	0	561	460	
7	0	0	0	0	607	460	
8	0	0	0	0	652	459	
9	0	0	0	0	691	458	
10	0	0	0	0	724	458	
11	0	0	0	0	744	457	
12	0	0	0	0	752	457	
13	0	0	0	0	746	456	
14	0	0	0	0	729	456	
15	0	0	0	0	701	456	
0	0	0	0	0	664	455	
1	0	0	0	0	623	455	
2	0	0	0	0	579	454	
3	0	0	0	0	539	454	
4	0	0	0	0	501	453	
5	0	0	0	0	467	454	
6	0	0	0	0	438	455	
7	0	0	0	0	415	455	
8	0	0	0	0	399	455	
9	0	0	0	0	387	456	
10	0	0	0	0	378	457	
11	0	0	0	0	372	458	
12	0	0	0	0	369	459	
13	0	0	0	0	371	460	
14	0	0	0	0	375	462	
15	0	0	0	0	381	463	
0	0	0	0	0	389	466	
1	0	0	0	0	399	467	
2	0	0	0	0	409	469	
3	0	0	0	0	421	471	
4	0	0	0	0	435	472	
5	0	0	0	0	448	475	
6	0	0	0	0	460	476	
7	0	0	0	0	471	478	
8	0	0	0	0	481	480	
9	0	0	0	0	487	482	
10	0	0	0	0	490	484	
11	0	0	0	0	492	486	
12	0	0	0	0	492	488	
13	0	0	0	0	489	489	
14	0	0	0	0	484	490	
15	0	0	0	0	480	492	
0	0	0	0	0	474	493	
1	0	0	0	0	468	494	
2	0	0	0	0	462	495	
3	0	0	0	0	455	496	
4	0	0	0	0	452	497	
5	0	0	0	0	448	497	
6	0	0	0	0	444	498	
7	0	0	0	0	440	498	
8	0	0	0	0	438	499	
9	0	0	0	0	437	499	
10	0	0	0	0	435	500	
11	0	0	0	0	435	500	
12	0	0	0	0	436	502	
13	0	0	0	0	438	503	
14	0	0	0	0	441	505	
15	0	0	0	0	444	508	
0	0	0	0	0	447	511	
1	0	0	0	0	451	513	
2	0	0	0	0	455	515	
3	0	0	0	0	457	515	
4	0	0	0	0	460	515	
5	0	0	0	0	463	515	
6	0	0	0	0	468	515	
7	0	0	0	0	481	515	
8	0	0	0	0	502	515	
9	0	0	0	0	532	516	
10	0	0	0	0	571	515	
11	0	0	0	0	615	515	
12	0	0	0	0	658	515	
13	0	0	0	0	698	515	
14	0	0	0	0	729	514	
15	0	0	0	0	748	513	
0	0	0	0	0	755	513	
1	0	0	0	0	750	513	
2	0	0	0	0	732	512	
3	0	0	0	0	704	511	
4	0	0	0	0	670	511	
5	0	0	0	0	630	510	
6	0	0	0	0	590	510	
7	0	0	0	0	549	509	
8	0	0	0	0	512	509	
9	0	0	0	0	476	509	
10	0	0	0	0	446	510	
11	0	0	0	0	422	510	
12	0	0	0	0	404	509	
13	0	0	0	0	387	509	
14	0	0	0	0	376	509	
15	0	0	0	0	370	509	
0	0	0	0	0	368	509	
1	0	0	0	0	369	509	
2	0	0	0	0	372	510	
3	0	0	0	0	379	510	
4	0	0	0	0	391	510	
5	0	0	0	0	403	509	
6	0	0	0	0	420	509	
7	0	0	0	0	436	508	
8	0	0	0	0	452	508	
9	0	0	0	0	467	508	
10	0	0	0	0	479	507	
11	0	0	0	0	491	507	
12	0	0	0	0	501	506	
13	0	0	0	0	505	505	
14	0	0	0	0	510	505	
15	0	0	0	0	510	505	
0	0	0	0	0	508	504	
1	0	0	0	0	504	504	
2	0	0	0	0	498	503	
3	0	0	0	0	491	503	
4	0	0	0	0	482	502	
5	0	0	0	0	474	502	
6	0	0	0	0	467	501	
7	0	0	0	0	460	500	
8	0	0	0	0	454	499	
9	0	0	0	0	449	498	
10	0	0	0	0	445	496	
11	0	0	0	0	444	495	
12	0	0	0	0	443	493	
13	0	0	0	0	440	492	
14	0	0	0	0	437	491	
15	0	0	0	0	437	491	
0	0	0	0	0	438	491	
1	0	0	0	0	440	492	
2	0	0	0	0	443	493	
3	0	0	0	0	446	495	
4	0	0	0	0	449	496	
5	0	0	0	0	451	497	
6	0	0	0	0	452	497	
7	0	0	0	0	454	496	
8	0	0	0	0	457	496	
9	0	0	0	0	462	495	
10	0	0	0	0	468	494	
11	0	0	0	0	480	493	
12	0	0	0	0	500	492	
13	0	0	0	0	529	492	
14	0	0	0	0	567	491	
15	0	0	0	0	609	491	
0	0	0	0	0	651	490	
1	0	0	0	0	689	489	
2	0	0	0	0	719	487	
3	0	0	0	0	738	487	
4	0	0	0	0	744	486	
5	0	0	0	0	736	485	
6	0	0	0	0	718	484	
7	0	0	0	0	690	483	
8	0	0	0	0	654	482	
9	0	0	0	0	615	481	
10	0	0	0	0	573	480	
11	0	0	0	0	533	480	
12	0	0	0	0	496	480	
13	0	0	0	0	463	480	
14	0	0	0	0	432	480	
15	0	0	0	0	405	480	
0	0	0	0	0	386	480	
1	0	0	0	0	370	479	
2	0	0	0	0	360	479	
3	0	0	0	0	353	478	
4	0	0	0	0	352	478	
5	0	0	0	0	355	478	
6	0	0	0	0	362	478	
7	0	0	0	0	373	478	
8	0	0	0	0	385	478	
9	0	0	0	0	399	478	
10	0	0	0	0	413	478	
11	0	0	0	0	430	478	
12	0	0	0	0	448	477	
13	0	0	0	0	465	477	
14	0	0	0	0	480	477	
15	0	0	0	0	493	476	
0	0	0	0	0	503	476	
1	0	0	0	0	509	476	
2	0	0	0	0	512	475	
3	0	0	0	0	511	475	
4	0	0	0	0	509	475	
5	0	0	0	0	504	475	
6	0	0	0	0	499	474	
7	0	0	0	0	491	474	
8	0	0	0	0	483	474	
9	0	0	0	0	474	473	
10	0	0	0	0	465	473	
11	0	0	0	0	455	472	
12	0	0	0	0	446	472	
13	0	0	0	0	439	471	
14	0	0	0	0	433	471	
15	0	0	0	0	428	469	
0	0	0	0	0	425	468	
1	0	0	0	0	423	468	
2	0	0	0	0	423	467	
3	0	0	0	0	424	467	
4	0	0	0	0	427	468	
5	0	0	0	0	430	469	
6	0	0	0	0	431	471	
7	0	0	0	0	435	473	
8	0	0	0	0	438	476	
9	0	0	0	0	440	477	
10	0	0	0	0	443	478	
11	0	0	0	0	446	478	
12	0	0	0	0	449	477	
13	0	0	0	0	453	477	
14	0	0	0	0	463	476	
15	0	0	0	0	478	476	
0	0	0	0	0	502	476	
1	0	0	0	0	533	475	
2	0	0	0	0	573	474	
3	0	0	0	0	617	474	
4	0	0	0	0	661	473	
5	0	0	0	0	701	472	
6	0	0	0	0	731	471	
7	0	0	0	0	751	470	
8	0	0	0	0	757	470	
9	0	0	0	0	751	468	
10	0	0	0	0	730	468	
11	0	0	0	0	699	467	
12	0	0	0	0	662	466	
13	0	0	0	0	620	465	
14	0	0	0	0	579	464	
15	0	0	0	0	538	463	
0	0	0	0	0	500	463	
1	0	0	0	0	467	463	
2	0	0	0	0	438	463	
3	0	0	0	0	413	463	
4	0	0	0	0	395	463	
5	0	0	0	0	380	462	
6	0	0	0	0	369	462	
7	0	0	0	0	363	461	
8	0	0	0	0	360	460	
9	0	0	0	0	359	460	
10	0	0	0	0	363	460	
11	0	0	0	0	371	460	
12	0	0	0	0	381	460	
13	0	0	0	0	395	459	
14	0	0	0	0	412	459	
15	0	0	0	0	431	458	
0	0	0	0	0	450	458	
1	0	0	0	0	465	457	
2	0	0	0	0	479	456	
3	0	0	0	0	492	456	
4	0	0	0	0	502	455	
5	0	0	0	0	509	455	
6	0	0	0	0	513	455	
7	0	0	0	0	514	454	
8	0	0	0	0	514	454	
9	0	0	0	0	511	454	
10	0	0	0	0	505	453	
11	0	0	0	0	497	453	
12	0	0	0	0	488	452	
13	0	0	0	0	478	452	
14	0	0	0	0	467	452	
15	0	0	0	0	457	452	
0	0	0	0	0	448	451	
1	0	0	0	0	440	451	
2	0	0	0	0	435	451	
3	0	0	0	0	432	450	
4	0	0	0	0	432	450	
5	0	0	0	0	432	449	
6	0	0	0	0	432	449	
7	0	0	0	0	433	449	
8	0	0	0	0	436	449	
9	0	0	0	0	438	449	
10	0	0	0	0	441	451	
11	0	0	0	0	444	452	
12	0	0	0	0	444	455	
13	0	0	0	0	444	457	
14	0	0	0	0	446	459	
15	0	0	0	0	448	460	
0	0	0	0	0	450	459	
1	0	0	0	0	451	459	
2	0	0	0	0	454	458	
3	0	0	0	0	461	458	
4	0	0	0	0	476	458	
5	0	0	0	0	498	459	
6	0	0	0	0	532	458	
7	0	0	0	0	576	459	
8	0	0	0	0	624	458	
9	0	0	0	0	672	457	
10	0	0	0	0	715	457	
11	0	0	0	0	751	456	
12	0	0	0	0	774	455	
13	0	0	0	0	783	455	
14	0	0	0	0	779	455	
15	0	0	0	0	763	455	
0	0	0	0	0	738	455	
1	0	0	0	0	702	454	
2	0	0	0	0	662	454	
3	0	0	0	0	619	453	
4	0	0	0	0	577	452	
5	0	0	0	0	536	452	
6	0	0	0	0	499	452	
7	0	0	0	0	466	453	
8	0	0	0	0	438	453	
9	0	0	0	0	415	453	
10	0	0	0	0	399	453	
11	0	0	0	0	387	453	
12	0	0	0	0	381	453	
13	0	0	0	0	379	454	
14	0	0	0	0	380	454	
15	0	0	0	0	386	455	
0	0	0	0	0	395	455	
1	0	0	0	0	406	456	
2	0	0	0	0	418	457	
3	0	0	0	0	432	459	
4	0	0	0	0	447	459	
5	0	0	0	0	461	460	
6	0	0	0	0	474	461	
7	0	0	0	0	486	462	
8	0	0	0	0	497	463	
9	0	0	0	0	505	464	
10	0	0	0	0	510	465	
11	0	0	0	0	513	465	
12	0	0	0	0	515	467	
13	0	0	0	0	513	467	
14	0	0	0	0	510	468	
15	0	0	0	0	506	469	
0	0	0	0	0	500	470	
1	0	0	0	0	493	471	
2	0	0	0	0	486	472	
3	0	0	0	0	480	473	
4	0	0	0	0	473	473	
5	0	0	0	0	467	475	
6	0	0	0	0	463	476	
7	0	0	0	0	457	477	
8	0	0	0	0	454	478	
9	0	0	0	0	450	478	
10	0	0	0	0	448	479	
11	0	0	0	0	445	480	
12	0	0	0	0	444	481	
13	0	0	0	0	446	482	
14	0	0	0	0	446	484	
15	0	0	0	0	448	486	
0	0	0	0	0	449	489	
1	0	0	0	0	451	492	
2	0	0	0	0	453	496	
3	0	0	0	0	455	499	
4	0	0	0	0	458	501	
5	0	0	0	0	460	502	
6	0	0	0	0	461	502	
7	0	0	0	0	464	502	
8	0	0	0	0	469	503	
9	0	0	0	0	479	504	
10	0	0	0	0	497	504	
11	0	0	0	0	527	504	
12	0	0	0	0	566	504	
13	0	0	0	0	611	504	
14	0	0	0	0	661	504	
15	0	0	0	0	708	504	
0	0	0	0	0	749	503	
1	0	0	0	0	780	502	
2	0	0	0	0	797	502	
3	0	0	0	0	801	501	
4	0	0	0	0	791	501	
5	0	0	0	0	769	501	
6	0	0	0	0	739	500	
7	0	0	0	0	701	500	
8	0	0	0	0	659	499	
9	0	0	0	0	615	499	
10	0	0	0	0	573	499	
11	0	0	0	0	535	500	
12	0	0	0	0	501	501	
13	0	0	0	0	471	501	
14	0	0	0	0	446	501	
15	0	0	0	0	425	502	
0	0	0	0	0	411	502	
1	0	0	0	0	401	502	
2	0	0	0	0	395	502	
3	0	0	0	0	395	503	
4	0	0	0	0	398	503	
5	0	0	0	0	405	504	
6	0	0	0	0	415	504	
7	0	0	0	0	429	504	
8	0	0	0	0	444	505	
9	0	0	0	0	462	504	
10	0	0	0	0	480	504	
11	0	0	0	0	497	504	
12	0	0	0	0	514	504	
13	0	0	0	0	529	504	
14	0	0	0	0	542	504	
15	0	0	0	0	550	504	
0	0	0	0	0	556	504	
1	0	0	0	0	556	504	
2	0	0	0	0	556	504	
3	0	0	0	0	553	504	
4	0	0	0	0	547	504	
5	0	0	0	0	539	504	
6	0	0	0	0	531	504	
7	0	0	0	0	522	504	
8	0	0	0	0	512	504	
9	0	0	0	0	504	504	
10	0	0	0	0	496	504	
11	0	0	0	0	488	504	
12	0	0	0	0	481	503	
13	0	0	0	0	476	503	
14	0	0	0	0	474	501	
15	0	0	0	0	474	500	
0	0	0	0	0	476	499	
1	0	0	0	0	477	498	
2	0	0	0	0	479	497	
3	0	0	0	0	480	497	
4	0	0	0	0	482	498	
5	0	0	0	0	483	499	
6	0	0	0	0	486	501	
7	0	0	0	0	487	504	
8	0	0	0	0	487	505	
9	0	0	0	0	488	506	
10	0	0	0	0	490	507	
11	0	0	0	0	491	506	
12	0	0	0	0	494	505	
13	0	0	0	0	496	505	
14	0	0	0	0	502	505	
15	0	0	0	0	514	504	
0	0	0	0	0	536	504	
1	0	0	0	0	567	503	
2	0	0	0	0	608	503	
3	0	0	0	0	655	502	
4	0	0	0	0	704	502	
5	0	0	0	0	748	501	
6	0	0	0	0	786	500	
7	0	0	0	0	814	499	
8	0	0	0	0	827	498	
9	0	0	0	0	824	497	
10	0	0	0	0	809	496	
11	0	0	0	0	782	496	
12	0	0	0	0	746	494	
13	0	0	0	0	705	494	
14	0	0	0	0	659	494	
15	0	0	0	0	615	494	
0	0	0	0	0	572	494	
1	0	0	0	0	532	494	
2	0	0	0	0	497	494	
3	0	0	0	0	468	494	
4	0	0	0	0	443	493	
5	0	0	0	0	423	493	
6	0	0	0	0	413	492	
7	0	0	0	0	408	492	
8	0	0	0	0	408	492	
9	0	0	0	0	411	492	
10	0	0	0	0	417	492	
11	0	0	0	0	427	492	
12	0	0	0	0	443	491	
13	0	0	0	0	460	491	
14	0	0	0	0	480	491	
15	0	0	0	0	501	490	
0	0	0	0	0	520	489	
1	0	0	0	0	536	488	
2	0	0	0	0	552	488	
3	0	0	0	0	563	487	
4	0	0	0	0	573	486	
5	0	0	0	0	577	486	
6	0	0	0	0	580	485	
7	0	0	0	0	579	484	
8	0	0	0	0	575	483	
9	0	0	0	0	568	483	
10	0	0	0	0	560	482	
11	0	0	0	0	552	481	
12	0	0	0	0	542	481	
13	0	0	0	0	531	480	
14	0	0	0	0	520	479	
15	0	0	0	0	511	479	
0	0	0	0	0	503	478	
1	0	0	0	0	496	477	
2	0	0	0	0	489	476	
3	0	0	0	0	484	473	
4	0	0	0	0	481	472	
5	0	0	0	0	479	471	
6	0	0	0	0	477	470	
7	0	0	0	0	477	470	
8	0	0	0	0	477	470	
9	0	0	0	0	476	470	
10	0	0	0	0	476	472	
11	0	0	0	0	478	473	
12	0	0	0	0	481	475	
13	0	0	0	0	483	477	
14	0	0	0	0	486	477	
15	0	0	0	0	487	476	
0	0	0	0	0	490	476	
1	0	0	0	0	493	475	
2	0	0	0	0	497	475	
3	0	0	0	0	508	475	
4	0	0	0	0	525	474	
5	0	0	0	0	554	474	
6	0	0	0	0	592	473	
7	0	0	0	0	639	473	
8	0	0	0	0	688	472	
9	0	0	0	0	732	472	
10	0	0	0	0	771	470	
11	0	0	0	0	801	470	
12	0	0	0	0	817	469	
13	0	0	0	0	819	468	
14	0	0	0	0	807	467	
15	0	0	0	0	784	467	
0	0	0	0	0	752	466	
1	0	0	0	0	712	464	
2	0	0	0	0	670	464	
3	0	0	0	0	626	463	
4	0	0	0	0	584	463	
5	0	0	0	0	544	463	
6	0	0	0	0	511	464	
7	0	0	0	0	481	464	
8	0	0	0	0	456	464	
9	0	0	0	0	437	463	
10	0	0	0	0	423	463	
11	0	0	0	0	412	463	
12	0	0	0	0	407	463	
13	0	0	0	0	405	463	
14	0	0	0	0	408	463	
15	0	0	0	0	416	463	
0	0	0	0	0	427	463	
1	0	0	0	0	439	463	
2	0	0	0	0	454	463	
3	0	0	0	0	470	463	
4	0	0	0	0	487	463	
5	0	0	0	0	503	463	
6	0	0	0	0	520	463	
7	0	0	0	0	535	463	
8	0	0	0	0	547	463	
9	0	0	0	0	553	463	
10	0	0	0	0	557	462	
11	0	0	0	0	556	463	
12	0	0	0	0	552	462	
13	0	0	0	0	546	462	
14	0	0	0	0	539	462	
15	0	0	0	0	530	462	
0	0	0	0	0	520	461	
1	0	0	0	0	509	461	
2	0	0	0	0	497	462	
3	0	0	0	0	487	461	
4	0	0	0	0	478	461	
5	0	0	0	0	468	461	
6	0	0	0	0	462	461	
7	0	0	0	0	457	461	
8	0	0	0	0	455	460	
9	0	0	0	0	454	460	
10	0	0	0	0	453	460	
11	0	0	0	0	454	461	
12	0	0	0	0	457	461	
13	0	0	0	0	460	463	
14	0	0	0	0	463	464	
15	0	0	0	0	466	467	
0	0	0	0	0	469	470	
1	0	0	0	0	472	472	
2	0	0	0	0	474	473	
3	0	0	0	0	476	473	
4	0	0	0	0	477	472	
5	0	0	0	0	478	472	
6	0	0	0	0	482	472	
7	0	0	0	0	493	472	
8	0	0	0	0	514	472	
9	0	0	0	0	547	472	
10	0	0	0	0	587	472	
11	0	0	0	0	635	471	
12	0	0	0	0	685	471	
13	0	0	0	0	731	470	
14	0	0	0	0	769	469	
15	0	0	0	0	795	469	
0	0	0	0	0	808	468	
1	0	0	0	0	806	468	
2	0	0	0	0	790	468	
3	0	0	0	0	764	467	
4	0	0	0	0	730	467	
5	0	0	0	0	689	467	
6	0	0	0	0	646	466	
7	0	0	0	0	601	465	
8	0	0	0	0	561	465	
9	0	0	0	0	523	466	
10	0	0	0	0	489	467	
11	0	0	0	0	459	467	
12	0	0	0	0	435	468	
13	0	0	0	0	416	468	
14	0	0	0	0	402	468	
15	0	0	0	0	394	468	
0	0	0	0	0	390	469	
1	0	0	0	0	391	470	
2	0	0	0	0	398	470	
3	0	0	0	0	407	471	
4	0	0	0	0	419	472	
5	0	0	0	0	433	472	
6	0	0	0	0	448	473	
7	0	0	0	0	463	473	
8	0	0	0	0	480	474	
9	0	0	0	0	495	474	
10	0	0	0	0	507	475	
11	0	0	0	0	517	475	
12	0	0	0	0	524	476	
13	0	0	0	0	529	476	
14	0	0	0	0	531	477	
15	0	0	0	0	530	478	
0	0	0	0	0	529	478	
1	0	0	0	0	526	479	
2	0	0	0	0	519	479	
3	0	0	0	0	511	479	
4	0	0	0	0	502	480	
5	0	0	0	0	492	480	
6	0	0	0	0	483	480	
7	0	0	0	0	475	481	
8	0	0	0	0	467	481	
9	0	0	0	0	460	481	
10	0	0	0	0	453	480	
11	0	0	0	0	449	480	
12	0	0	0	0	449	480	
13	0	0	0	0	447	480	
14	0	0	0	0	446	481	
15	0	0	0	0	447	481	
0	0	0	0	0	449	482	
1	0	0	0	0	450	483	
2	0	0	0	0	452	486	
3	0	0	0	0	453	488	
4	0	0	0	0	454	491	
5	0	0	0	0	454	493	
6	0	0	0	0	455	494	
7	0	0	0	0	455	495	
8	0	0	0	0	458	494	
9	0	0	0	0	461	494	
10	0	0	0	0	469	494	
11	0	0	0	0	482	495	
12	0	0	0	0	508	495	
13	0	0	0	0	542	495	
14	0	0	0	0	585	495	
15	0	0	0	0	634	494	
0	0	0	0	0	681	494	
1	0	0	0	0	724	493	
2	0	0	0	0	761	492	
3	0	0	0	0	786	491	
4	0	0	0	0	797	492	
5	0	0	0	0	792	492	
6	0	0	0	0	776	492	
7	0	0	0	0	747	490	
8	0	0	0	0	711	491	
9	0	0	0	0	670	490	
10	0	0	0	0	627	489	
11	0	0	0	0	587	489	
12	0	0	0	0	547	489	
13	0	0	0	0	511	491	
14	0	0	0	0	478	491	
15	0	0	0	0	448	491	
0	0	0	0	0	424	491	
1	0	0	0	0	406	491	
2	0	0	0	0	393	492	
3	0	0	0	0	385	492	
4	0	0	0	0	383	492	
5	0	0	0	0	384	492	
6	0	0	0	0	390	493	
7	0	0	0	0	399	493	
8	0	0	0	0	412	494	
9	0	0	0	0	424	493	
10	0	0	0	0	439	494	
11	0	0	0	0	455	494	
12	0	0	0	0	471	493	
13	0	0	0	0	488	493	
14	0	0	0	0	505	493	
15	0	0	0	0	519	492	
0	0	0	0	0	529	492	
1	0	0	0	0	535	492	
2	0	0	0	0	538	492	
3	0	0	0	0	536	492	
4	0	0	0	0	534	491	
5	0	0	0	0	528	491	
6	0	0	0	0	521	491	
7	0	0	0	0	514	491	
8	0	0	0	0	506	490	
9	0	0	0	0	497	490	
10	0	0	0	0	490	489	
11	0	0	0	0	482	488	
12	0	0	0	0	476	487	
13	0	0	0	0	470	486	
14	0	0	0	0	467	485	
15	0	0	0	0	462	483	
0	0	0	0	0	459	482	
1	0	0	0	0	457	481	
2	0	0	0	0	456	481	
3	0	0	0	0	456	481	
4	0	0	0	0	458	481	
5	0	0	0	0	458	482	
6	0	0	0	0	459	484	
7	0	0	0	0	460	486	
8	0	0	0	0	462	487	
9	0	0	0	0	465	487	
10	0	0	0	0	467	486	
11	0	0	0	0	470	485	
12	0	0	0	0	473	484	
13	0	0	0	0	477	483	
14	0	0	0	0	487	482	
15	0	0	0	0	504	481	
0	0	0	0	0	532	480	
1	0	0	0	0	565	478	
2	0	0	0	0	606	477	
3	0	0	0	0	649	476	
4	0	0	0	0	690	475	
5	0	0	0	0	725	475	
6	0	0	0	0	751	473	
7	0	0	0	0	764	472	
8	0	0	0	0	765	472	
9	0	0	0	0	753	471	
10	0	0	0	0	732	469	
11	0	0	0	0	702	468	
12	0	0	0	0	665	468	
13	0	0	0	0	624	467	
14	0	0	0	0	582	466	
15	0	0	0	0	540	466	
0	0	0	0	0	501	467	
1	0	0	0	0	464	467	
2	0	0	0	0	433	467	
3	0	0	0	0	408	467	
4	0	0	0	0	389	467	
5	0	0	0	0	375	467	
6	0	0	0	0	366	467	
7	0	0	0	0	363	468	
8	0	0	0	0	364	468	
9	0	0	0	0	370	469	
10	0	0	0	0	380	470	
11	0	0	0	0	393	470	
12	0	0	0	0	408	471	
13	0	0	0	0	424	471	
14	0	0	0	0	441	471	
15	0	0	0	0	460	471	
0	0	0	0	0	477	471	
1	0	0	0	0	490	470	
2	0	0	0	0	500	470	
3	0	0	0	0	508	470	
4	0	0	0	0	512	470	
5	0	0	0	0	511	470	
6	0	0	0	0	508	470	
7	0	0	0	0	504	470	
8	0	0	0	0	499	470	
9	0	0	0	0	492	469	
10	0	0	0	0	484	469	
11	0	0	0	0	476	469	
12	0	0	0	0	468	468	
13	0	0	0	0	462	468	
14	0	0	0	0	455	467	
15	0	0	0	0	451	467	
0	0	0	0	0	447	466	
1	0	0	0	0	443	465	
2	0	0	0	0	441	463	
3	0	0	0	0	439	462	
4	0	0	0	0	439	461	
5	0	0	0	0	440	460	
6	0	0	0	0	442	460	
7	0	0	0	0	446	459	
8	0	0	0	0	450	460	
9	0	0	0	0	453	461	
10	0	0	0	0	455	463	
11	0	0	0	0	457	465	
12	0	0	0	0	458	466	
13	0	0	0	0	460	467	
14	0	0	0	0	462	467	
15	0	0	0	0	464	467	
0	0	0	0	0	467	467	
1	0	0	0	0	473	468	
2	0	0	0	0	484	468	
3	0	0	0	0	506	469	
4	0	0	0	0	536	468	
5	0	0	0	0	573	468	
6	0	0	0	0	615	468	
7	0	0	0	0	659	467	
8	0	0	0	0	698	467	
9	0	0	0	0	728	465	
10	0	0	0	0	747	464	
11	0	0	0	0	752	462	
12	0	0	0	0	745	461	
13	0	0	0	0	727	460	
14	0	0	0	0	699	458	
15	0	0	0	0	664	456	
0	0	0	0	0	625	454	
1	0	0	0	0	583	452	
2	0	0	0	0	542	451	
3	0	0	0	0	504	450	
4	0	0	0	0	470	450	
5	0	0	0	0	439	450	
6	0	0	0	0	412	449	
7	0	0	0	0	391	449	
8	0	0	0	0	375	448	
9	0	0	0	0	363	448	
10	0	0	0	0	356	448	
11	0	0	0	0	355	448	
12	0	0	0	0	358	447	
13	0	0	0	0	364	448	
14	0	0	0	0	374	448	
15	0	0	0	0	388	448	
0	0	0	0	0	404	448	
1	0	0	0	0	420	448	
2	0	0	0	0	438	448	
3	0	0	0	0	456	448	
4	0	0	0	0	471	448	
5	0	0	0	0	483	447	
6	0	0	0	0	494	447	
7	0	0	0	0	501	447	
8	0	0	0	0	507	447	
9	0	0	0	0	510	447	
10	0	0	0	0	510	447	
11	0	0	0	0	507	447	
12	0	0	0	0	503	447	
13	0	0	0	0	495	447	
14	0	0	0	0	486	447	
15	0	0	0	0	478	447	
0	0	0	0	0	471	447	
1	0	0	0	0	462	446	
2	0	0	0	0	455	446	
3	0	0	0	0	449	447	
4	0	0	0	0	443	446	
5	0	0	0	0	439	446	
6	0	0	0	0	436	446	
7	0	0	0	0	435	446	
8	0	0	0	0	435	446	
9	0	0	0	0	434	447	
10	0	0	0	0	434	447	
11	0	0	0	0	434	448	
12	0	0	0	0	435	450	
13	0	0	0	0	436	452	
14	0	0	0	0	438	455	
15	0	0	0	0	442	458	
0	0	0	0	0	446	461	
1	0	0	0	0	449	462	
2	0	0	0	0	454	463	
3	0	0	0	0	460	463	
4	0	0	0	0	467	462	
5	0	0	0	0	474	461	
6	0	0	0	0	487	459	
7	0	0	0	0	507	457	
8	0	0	0	0	537	455	
9	0	0	0	0	576	453	
10	0	0	0	0	620	452	
11	0	0	0	0	665	451	
12	0	0	0	0	707	451	
13	0	0	0	0	739	451	
14	0	0	0	0	762	451	
15	0	0	0	0	771	450	
0	0	0	0	0	767	451	
1	0	0	0	0	751	451	
2	0	0	0	0	725	452	
3	0	0	0	0	695	453	
4	0	0	0	0	657	454	
5	0	0	0	0	616	455	
6	0	0	0	0	575	457	
7	0	0	0	0	535	460	
8	0	0	0	0	500	464	
9	0	0	0	0	468	468	
10	0	0	0	0	441	473	
11	0	0	0	0	418	477	
12	0	0	0	0	398	481	
13	0	0	0	0	382	485	
14	0	0	0	0	371	490	
15	0	0	0	0	362	495	
0	0	0	0	0	359	499	
1	0	0	0	0	359	504	
2	0	0	0	0	363	508	
3	0	0	0	0	372	511	
4	0	0	0	0	384	515	
5	0	0	0	0	397	519	
6	0	0	0	0	413	522	
7	0	0	0	0	429	525	
8	0	0	0	0	444	528	
9	0	0	0	0	460	531	
10	0	0	0	0	475	533	
11	0	0	0	0	488	536	
12	0	0	0	0	499	537	
13	0	0	0	0	508	540	
14	0	0	0	0	512	541	
15	0	0	0	0	514	543	
0	0	0	0	0	514	543	
1	0	0	0	0	511	544	
2	0	0	0	0	504	544	
3	0	0	0	0	497	544	
4	0	0	0	0	489	544	
5	0	0	0	0	480	543	
6	0	0	0	0	473	542	
7	0	0	0	0	468	541	
8	0	0	0	0	464	539	
9	0	0	0	0	459	537	
10	0	0	0	0	455	535	
11	0	0	0	0	452	533	
12	0	0	0	0	450	532	
13	0	0	0	0	449	529	
14	0	0	0	0	450	527	
15	0	0	0	0	451	526	
0	0	0	0	0	454	525	
1	0	0	0	0	455	524	
2	0	0	0	0	457	524	
3	0	0	0	0	461	524	
4	0	0	0	0	462	522	
5	0	0	0	0	464	520	
6	0	0	0	0	468	517	
7	0	0	0	0	472	514	
8	0	0	0	0	478	511	
9	0	0	0	0	484	508	
10	0	0	0	0	496	506	
11	0	0	0	0	513	503	
12	0	0	0	0	539	500	
13	0	0	0	0	574	498	
14	0	0	0	0	616	495	
15	0	0	0	0	660	492	
0	0	0	0	0	702	490	
1	0	0	0	0	737	487	
2	0	0	0	0	762	485	
3	0	0	0	0	774	483	
4	0	0	0	0	776	481	
5	0	0	0	0	767	478	
6	0	0	0	0	747	477	
7	0	0	0	0	719	476	
8	0	0	0	0	687	474	
9	0	0	0	0	651	472	
10	0	0	0	0	612	472	
11	0	0	0	0	576	471	
12	0	0	0	0	542	471	
13	0	0	0	0	511	471	
14	0	0	0	0	483	470	
15	0	0	0	0	460	470	
0	0	0	0	0	441	470	
1	0	0	0	0	427	470	
2	0	0	0	0	416	470	
3	0	0	0	0	409	471	
4	0	0	0	0	411	472	
5	0	0	0	0	414	473	
6	0	0	0	0	420	473	
7	0	0	0	0	430	474	
8	0	0	0	0	441	474	
9	0	0	0	0	454	474	
10	0	0	0	0	465	475	
11	0	0	0	0	479	475	
12	0	0	0	0	491	475	
13	0	0	0	0	502	474	
14	0	0	0	0	512	474	
15	0	0	0	0	519	473	
0	0	0	0	0	525	474	
1	0	0	0	0	527	474	
2	0	0	0	0	527	474	
3	0	0	0	0	526	474	
4	0	0	0	0	523	474	
5	0	0	0	0	519	473	
6	0	0	0	0	513	473	
7	0	0	0	0	507	473	
8	0	0	0	0	501	473	
9	0	0	0	0	494	473	
10	0	0	0	0	489	473	
11	0	0	0	0	483	472	
12	0	0	0	0	480	472	
13	0	0	0	0	475	471	
14	0	0	0	0	470	470	
15	0	0	0	0	467	470	
0	0	0	0	0	465	470	
1	0	0	0	0	464	470	
2	0	0	0	0	462	471	
3	0	0	0	0	461	473	
4	0	0	0	0	461	475	
5	0	0	0	0	462	479	
6	0	0	0	0	464	481	
7	0	0	0	0	465	484	
8	0	0	0	0	466	486	
9	0	0	0	0	466	487	
10	0	0	0	0	465	487	
11	0	0	0	0	466	487	
12	0	0	0	0	469	487	
13	0	0	0	0	475	488	
14	0	0	0	0	490	488	
15	0	0	0	0	513	488	
0	0	0	0	0	544	488	
1	0	0	0	0	579	489	
2	0	0	0	0	616	489	
3	0	0	0	0	652	489	
4	0	0	0	0	680	489	
5	0	0	0	0	701	490	
6	0	0	0	0	711	490	
