# OpenSignals Text File Format. Version 1
# {"98:D3:51:FD:8E:66": {"position": 0, "device": "bitalino_rev", "device name": "98:D3:51:FD:8E:66", "device connection": "BTH98:D3:51:FD:8E:66", "sampling rate": 100, "resolution": [4, 1, 1, 1, 1, 10, 10], "firmware version": 1281, "comments": "", "keywords": "", "mode": 0, "sync interval": 2, "date": "2023-5-30", "time": "14:28:30.684", "channels": [1, 2], "sensor": ["RAW", "RESPBIT"], "label": ["A1", "A2"], "column": ["nSeq", "I1", "I2", "O1", "O2", "A1", "A2"], "special": [{}, {}], "digital IO": [0, 0, 1, 1]}}
# EndOfHeader
0	0	0	0	0	946	607	
1	0	0	0	0	946	607	
2	0	0	0	0	946	606	
3	0	0	0	0	946	605	
4	0	0	0	0	946	605	
5	0	0	0	0	946	604	
6	0	0	0	0	946	604	
7	0	0	0	0	946	603	
8	0	0	0	0	915	604	
9	0	0	0	0	830	606	
10	0	0	0	0	742	607	
11	0	0	0	0	659	609	
12	0	0	0	0	581	611	
13	0	0	0	0	511	612	
14	0	0	0	0	451	615	
15	0	0	0	0	400	617	
0	0	0	0	0	362	619	
1	0	0	0	0	332	622	
2	0	0	0	0	315	623	
3	0	0	0	0	306	625	
4	0	0	0	0	309	627	
5	0	0	0	0	320	629	
6	0	0	0	0	339	632	
7	0	0	0	0	362	634	
8	0	0	0	0	389	637	
9	0	0	0	0	416	640	
10	0	0	0	0	444	643	
11	0	0	0	0	470	645	
12	0	0	0	0	491	647	
13	0	0	0	0	508	650	
14	0	0	0	0	519	652	
15	0	0	0	0	524	653	
0	0	0	0	0	524	655	
1	0	0	0	0	518	655	
2	0	0	0	0	509	656	
3	0	0	0	0	496	657	
4	0	0	0	0	484	657	
5	0	0	0	0	470	658	
6	0	0	0	0	455	659	
7	0	0	0	0	444	659	
8	0	0	0	0	432	658	
9	0	0	0	0	423	658	
10	0	0	0	0	417	657	
11	0	0	0	0	410	657	
12	0	0	0	0	403	658	
13	0	0	0	0	396	658	
14	0	0	0	0	390	659	
15	0	0	0	0	387	659	
0	0	0	0	0	384	660	
1	0	0	0	0	381	662	
2	0	0	0	0	378	664	
3	0	0	0	0	379	665	
4	0	0	0	0	381	667	
5	0	0	0	0	386	668	
6	0	0	0	0	393	668	
7	0	0	0	0	403	668	
8	0	0	0	0	418	668	
9	0	0	0	0	438	667	
10	0	0	0	0	469	667	
11	0	0	0	0	515	666	
12	0	0	0	0	577	666	
13	0	0	0	0	656	665	
14	0	0	0	0	745	664	
15	0	0	0	0	836	664	
0	0	0	0	0	921	664	
1	0	0	0	0	946	663	
2	0	0	0	0	946	663	
3	0	0	0	0	946	662	
4	0	0	0	0	946	662	
5	0	0	0	0	946	661	
6	0	0	0	0	946	659	
7	0	0	0	0	946	659	
8	0	0	0	0	946	657	
9	0	0	0	0	925	656	
10	0	0	0	0	847	655	
11	0	0	0	0	765	654	
12	0	0	0	0	684	653	
13	0	0	0	0	606	652	
14	0	0	0	0	535	651	
15	0	0	0	0	472	650	
0	0	0	0	0	412	649	
1	0	0	0	0	364	648	
2	0	0	0	0	324	648	
3	0	0	0	0	295	647	
4	0	0	0	0	277	647	
5	0	0	0	0	270	647	
6	0	0	0	0	275	645	
7	0	0	0	0	289	644	
8	0	0	0	0	313	643	
9	0	0	0	0	342	642	
10	0	0	0	0	377	640	
11	0	0	0	0	415	640	
12	0	0	0	0	451	639	
13	0	0	0	0	483	639	
14	0	0	0	0	510	639	
15	0	0	0	0	531	638	
0	0	0	0	0	547	637	
1	0	0	0	0	555	637	
2	0	0	0	0	558	636	
3	0	0	0	0	556	635	
4	0	0	0	0	549	634	
5	0	0	0	0	540	632	
6	0	0	0	0	528	631	
7	0	0	0	0	516	630	
8	0	0	0	0	505	628	
9	0	0	0	0	494	627	
10	0	0	0	0	483	624	
11	0	0	0	0	474	621	
12	0	0	0	0	465	619	
13	0	0	0	0	456	615	
14	0	0	0	0	447	613	
15	0	0	0	0	439	611	
0	0	0	0	0	433	609	
1	0	0	0	0	428	608	
2	0	0	0	0	425	608	
3	0	0	0	0	424	607	
4	0	0	0	0	425	608	
5	0	0	0	0	425	608	
6	0	0	0	0	426	608	
7	0	0	0	0	428	606	
8	0	0	0	0	430	604	
9	0	0	0	0	433	603	
10	0	0	0	0	441	601	
11	0	0	0	0	453	600	
12	0	0	0	0	476	598	
13	0	0	0	0	514	597	
14	0	0	0	0	567	595	
15	0	0	0	0	634	594	
0	0	0	0	0	711	592	
1	0	0	0	0	792	591	
2	0	0	0	0	868	590	
3	0	0	0	0	932	588	
4	0	0	0	0	946	587	
5	0	0	0	0	946	586	
6	0	0	0	0	946	584	
7	0	0	0	0	946	583	
8	0	0	0	0	946	581	
9	0	0	0	0	925	578	
10	0	0	0	0	863	576	
11	0	0	0	0	794	575	
12	0	0	0	0	720	575	
13	0	0	0	0	647	574	
14	0	0	0	0	579	574	
15	0	0	0	0	517	573	
0	0	0	0	0	462	572	
1	0	0	0	0	413	571	
2	0	0	0	0	373	569	
3	0	0	0	0	341	569	
4	0	0	0	0	317	568	
5	0	0	0	0	304	568	
6	0	0	0	0	299	566	
7	0	0	0	0	302	566	
8	0	0	0	0	313	564	
9	0	0	0	0	331	564	
10	0	0	0	0	354	563	
11	0	0	0	0	382	563	
12	0	0	0	0	410	562	
13	0	0	0	0	439	561	
14	0	0	0	0	467	561	
15	0	0	0	0	491	561	
0	0	0	0	0	512	560	
1	0	0	0	0	526	560	
2	0	0	0	0	535	560	
3	0	0	0	0	538	560	
4	0	0	0	0	536	559	
5	0	0	0	0	528	559	
6	0	0	0	0	519	558	
7	0	0	0	0	505	557	
8	0	0	0	0	489	557	
9	0	0	0	0	474	556	
10	0	0	0	0	459	556	
11	0	0	0	0	448	555	
12	0	0	0	0	437	553	
13	0	0	0	0	427	551	
14	0	0	0	0	419	551	
15	0	0	0	0	412	550	
0	0	0	0	0	406	550	
1	0	0	0	0	400	550	
2	0	0	0	0	399	550	
3	0	0	0	0	398	551	
4	0	0	0	0	396	552	
5	0	0	0	0	397	555	
6	0	0	0	0	398	556	
7	0	0	0	0	399	557	
8	0	0	0	0	403	558	
9	0	0	0	0	406	558	
10	0	0	0	0	409	557	
11	0	0	0	0	417	557	
12	0	0	0	0	433	557	
13	0	0	0	0	462	557	
14	0	0	0	0	505	556	
15	0	0	0	0	563	556	
0	0	0	0	0	637	555	
1	0	0	0	0	719	555	
2	0	0	0	0	801	554	
3	0	0	0	0	876	554	
4	0	0	0	0	936	554	
5	0	0	0	0	946	553	
6	0	0	0	0	946	552	
7	0	0	0	0	946	551	
8	0	0	0	0	946	551	
9	0	0	0	0	946	550	
10	0	0	0	0	899	550	
11	0	0	0	0	833	548	
12	0	0	0	0	762	547	
13	0	0	0	0	687	547	
14	0	0	0	0	615	547	
15	0	0	0	0	547	547	
0	0	0	0	0	487	547	
1	0	0	0	0	434	546	
2	0	0	0	0	390	546	
3	0	0	0	0	354	545	
4	0	0	0	0	326	545	
5	0	0	0	0	305	545	
6	0	0	0	0	291	545	
7	0	0	0	0	286	545	
8	0	0	0	0	289	544	
9	0	0	0	0	299	544	
10	0	0	0	0	315	545	
11	0	0	0	0	337	544	
12	0	0	0	0	364	544	
13	0	0	0	0	391	544	
14	0	0	0	0	420	543	
15	0	0	0	0	448	543	
0	0	0	0	0	472	542	
1	0	0	0	0	493	542	
2	0	0	0	0	508	542	
3	0	0	0	0	516	542	
4	0	0	0	0	519	542	
5	0	0	0	0	518	541	
6	0	0	0	0	512	540	
7	0	0	0	0	503	540	
8	0	0	0	0	490	539	
9	0	0	0	0	477	539	
10	0	0	0	0	463	538	
11	0	0	0	0	447	537	
12	0	0	0	0	433	536	
13	0	0	0	0	420	536	
14	0	0	0	0	409	534	
15	0	0	0	0	401	534	
0	0	0	0	0	393	533	
1	0	0	0	0	388	533	
2	0	0	0	0	384	532	
3	0	0	0	0	383	533	
4	0	0	0	0	384	534	
5	0	0	0	0	385	536	
6	0	0	0	0	386	539	
7	0	0	0	0	387	540	
8	0	0	0	0	390	542	
9	0	0	0	0	391	542	
10	0	0	0	0	394	542	
11	0	0	0	0	399	542	
12	0	0	0	0	410	541	
13	0	0	0	0	432	541	
14	0	0	0	0	472	540	
15	0	0	0	0	530	540	
0	0	0	0	0	605	539	
1	0	0	0	0	688	539	
2	0	0	0	0	777	537	
3	0	0	0	0	860	537	
4	0	0	0	0	929	537	
5	0	0	0	0	946	536	
6	0	0	0	0	946	535	
7	0	0	0	0	946	533	
8	0	0	0	0	946	533	
9	0	0	0	0	946	531	
10	0	0	0	0	915	530	
11	0	0	0	0	847	528	
12	0	0	0	0	769	527	
13	0	0	0	0	688	526	
14	0	0	0	0	609	526	
15	0	0	0	0	536	526	
0	0	0	0	0	470	525	
1	0	0	0	0	412	524	
2	0	0	0	0	365	523	
3	0	0	0	0	325	523	
4	0	0	0	0	297	522	
5	0	0	0	0	276	521	
6	0	0	0	0	263	521	
7	0	0	0	0	259	519	
8	0	0	0	0	263	520	
9	0	0	0	0	274	519	
10	0	0	0	0	291	518	
11	0	0	0	0	313	518	
12	0	0	0	0	340	517	
13	0	0	0	0	368	516	
14	0	0	0	0	397	515	
15	0	0	0	0	423	514	
0	0	0	0	0	446	512	
1	0	0	0	0	466	511	
2	0	0	0	0	481	511	
3	0	0	0	0	492	510	
4	0	0	0	0	498	508	
5	0	0	0	0	499	507	
6	0	0	0	0	496	506	
7	0	0	0	0	488	504	
8	0	0	0	0	479	503	
9	0	0	0	0	464	501	
10	0	0	0	0	452	499	
11	0	0	0	0	439	498	
12	0	0	0	0	426	496	
13	0	0	0	0	415	495	
14	0	0	0	0	406	493	
15	0	0	0	0	396	491	
0	0	0	0	0	387	489	
1	0	0	0	0	381	488	
2	0	0	0	0	376	487	
3	0	0	0	0	374	486	
4	0	0	0	0	371	486	
5	0	0	0	0	370	486	
6	0	0	0	0	370	487	
7	0	0	0	0	370	487	
8	0	0	0	0	372	489	
9	0	0	0	0	375	491	
10	0	0	0	0	378	491	
11	0	0	0	0	382	490	
12	0	0	0	0	388	489	
13	0	0	0	0	398	488	
14	0	0	0	0	415	487	
15	0	0	0	0	448	487	
0	0	0	0	0	497	486	
1	0	0	0	0	564	486	
2	0	0	0	0	645	484	
3	0	0	0	0	734	484	
4	0	0	0	0	823	483	
5	0	0	0	0	900	482	
6	0	0	0	0	946	481	
7	0	0	0	0	946	480	
8	0	0	0	0	946	480	
9	0	0	0	0	946	478	
10	0	0	0	0	946	478	
11	0	0	0	0	946	477	
12	0	0	0	0	888	475	
13	0	0	0	0	813	476	
14	0	0	0	0	732	474	
15	0	0	0	0	650	473	
0	0	0	0	0	573	473	
1	0	0	0	0	502	473	
2	0	0	0	0	440	473	
3	0	0	0	0	389	473	
4	0	0	0	0	346	473	
5	0	0	0	0	311	473	
6	0	0	0	0	286	473	
7	0	0	0	0	268	473	
8	0	0	0	0	261	473	
9	0	0	0	0	259	472	
10	0	0	0	0	264	473	
11	0	0	0	0	275	473	
12	0	0	0	0	291	473	
13	0	0	0	0	312	473	
14	0	0	0	0	337	474	
15	0	0	0	0	366	474	
0	0	0	0	0	396	474	
1	0	0	0	0	425	474	
2	0	0	0	0	450	473	
3	0	0	0	0	472	474	
4	0	0	0	0	489	474	
5	0	0	0	0	499	474	
6	0	0	0	0	504	475	
7	0	0	0	0	504	475	
8	0	0	0	0	500	475	
9	0	0	0	0	491	475	
10	0	0	0	0	479	475	
11	0	0	0	0	465	475	
12	0	0	0	0	451	475	
13	0	0	0	0	436	475	
14	0	0	0	0	423	474	
15	0	0	0	0	411	474	
0	0	0	0	0	400	474	
1	0	0	0	0	391	474	
2	0	0	0	0	382	473	
3	0	0	0	0	375	473	
4	0	0	0	0	371	473	
5	0	0	0	0	370	473	
6	0	0	0	0	368	474	
7	0	0	0	0	367	475	
8	0	0	0	0	367	476	
9	0	0	0	0	368	478	
10	0	0	0	0	368	480	
11	0	0	0	0	370	482	
12	0	0	0	0	371	484	
13	0	0	0	0	373	485	
14	0	0	0	0	376	486	
15	0	0	0	0	380	486	
0	0	0	0	0	388	485	
1	0	0	0	0	405	486	
2	0	0	0	0	435	485	
3	0	0	0	0	481	485	
4	0	0	0	0	548	486	
5	0	0	0	0	628	486	
6	0	0	0	0	716	486	
7	0	0	0	0	806	486	
8	0	0	0	0	885	485	
9	0	0	0	0	943	485	
10	0	0	0	0	946	484	
11	0	0	0	0	946	484	
12	0	0	0	0	946	484	
13	0	0	0	0	946	484	
14	0	0	0	0	946	482	
15	0	0	0	0	892	482	
0	0	0	0	0	818	482	
1	0	0	0	0	738	481	
2	0	0	0	0	659	480	
3	0	0	0	0	583	480	
4	0	0	0	0	515	480	
5	0	0	0	0	456	481	
6	0	0	0	0	405	481	
7	0	0	0	0	363	481	
8	0	0	0	0	329	481	
9	0	0	0	0	305	481	
10	0	0	0	0	287	482	
11	0	0	0	0	279	482	
12	0	0	0	0	278	482	
13	0	0	0	0	283	483	
14	0	0	0	0	294	483	
15	0	0	0	0	309	483	
0	0	0	0	0	329	483	
1	0	0	0	0	352	484	
2	0	0	0	0	378	484	
3	0	0	0	0	405	483	
4	0	0	0	0	429	483	
5	0	0	0	0	453	484	
6	0	0	0	0	473	484	
7	0	0	0	0	489	484	
8	0	0	0	0	500	484	
9	0	0	0	0	505	484	
10	0	0	0	0	506	484	
11	0	0	0	0	502	484	
12	0	0	0	0	496	484	
13	0	0	0	0	484	484	
14	0	0	0	0	471	484	
15	0	0	0	0	456	484	
0	0	0	0	0	442	484	
1	0	0	0	0	427	484	
2	0	0	0	0	414	484	
3	0	0	0	0	403	484	
4	0	0	0	0	395	484	
5	0	0	0	0	386	484	
6	0	0	0	0	382	484	
7	0	0	0	0	379	483	
8	0	0	0	0	377	483	
9	0	0	0	0	377	484	
10	0	0	0	0	377	484	
11	0	0	0	0	377	484	
12	0	0	0	0	378	486	
13	0	0	0	0	379	487	
14	0	0	0	0	380	489	
15	0	0	0	0	382	491	
0	0	0	0	0	385	494	
1	0	0	0	0	387	496	
2	0	0	0	0	388	496	
3	0	0	0	0	390	496	
4	0	0	0	0	393	496	
5	0	0	0	0	401	496	
6	0	0	0	0	417	496	
7	0	0	0	0	445	496	
8	0	0	0	0	489	496	
9	0	0	0	0	548	497	
10	0	0	0	0	619	497	
11	0	0	0	0	698	498	
12	0	0	0	0	776	498	
13	0	0	0	0	847	498	
14	0	0	0	0	902	499	
15	0	0	0	0	937	499	
0	0	0	0	0	946	499	
1	0	0	0	0	945	499	
2	0	0	0	0	923	500	
3	0	0	0	0	879	500	
4	0	0	0	0	824	499	
5	0	0	0	0	760	500	
6	0	0	0	0	693	499	
7	0	0	0	0	627	499	
8	0	0	0	0	565	499	
9	0	0	0	0	508	500	
10	0	0	0	0	460	500	
11	0	0	0	0	419	501	
12	0	0	0	0	385	501	
13	0	0	0	0	358	502	
14	0	0	0	0	336	502	
15	0	0	0	0	323	503	
0	0	0	0	0	316	503	
1	0	0	0	0	313	504	
2	0	0	0	0	317	504	
3	0	0	0	0	327	505	
4	0	0	0	0	343	505	
5	0	0	0	0	361	506	
6	0	0	0	0	383	506	
7	0	0	0	0	407	506	
8	0	0	0	0	431	506	
9	0	0	0	0	452	506	
10	0	0	0	0	471	506	
11	0	0	0	0	486	506	
12	0	0	0	0	497	506	
13	0	0	0	0	502	506	
14	0	0	0	0	505	507	
15	0	0	0	0	503	506	
0	0	0	0	0	498	506	
1	0	0	0	0	489	506	
2	0	0	0	0	479	506	
3	0	0	0	0	468	506	
4	0	0	0	0	456	505	
5	0	0	0	0	445	505	
6	0	0	0	0	433	505	
7	0	0	0	0	420	504	
8	0	0	0	0	411	504	
9	0	0	0	0	401	503	
10	0	0	0	0	394	502	
11	0	0	0	0	389	501	
12	0	0	0	0	387	500	
13	0	0	0	0	384	499	
14	0	0	0	0	383	498	
15	0	0	0	0	384	498	
0	0	0	0	0	388	497	
1	0	0	0	0	391	497	
2	0	0	0	0	393	498	
3	0	0	0	0	396	499	
4	0	0	0	0	396	500	
5	0	0	0	0	395	502	
6	0	0	0	0	396	503	
7	0	0	0	0	396	504	
8	0	0	0	0	396	504	
9	0	0	0	0	399	503	
10	0	0	0	0	402	502	
11	0	0	0	0	408	502	
12	0	0	0	0	422	502	
13	0	0	0	0	446	502	
14	0	0	0	0	484	502	
15	0	0	0	0	536	502	
0	0	0	0	0	599	502	
1	0	0	0	0	668	502	
2	0	0	0	0	737	502	
3	0	0	0	0	802	503	
4	0	0	0	0	854	503	
5	0	0	0	0	889	502	
6	0	0	0	0	904	503	
7	0	0	0	0	900	503	
8	0	0	0	0	879	504	
9	0	0	0	0	841	504	
10	0	0	0	0	793	505	
11	0	0	0	0	736	505	
12	0	0	0	0	675	507	
13	0	0	0	0	615	508	
14	0	0	0	0	559	509	
15	0	0	0	0	509	511	
0	0	0	0	0	464	512	
1	0	0	0	0	425	514	
2	0	0	0	0	394	515	
3	0	0	0	0	368	516	
4	0	0	0	0	346	517	
5	0	0	0	0	333	518	
6	0	0	0	0	325	519	
7	0	0	0	0	322	520	
8	0	0	0	0	327	521	
9	0	0	0	0	335	523	
10	0	0	0	0	347	524	
11	0	0	0	0	363	525	
12	0	0	0	0	384	526	
13	0	0	0	0	404	527	
14	0	0	0	0	423	527	
15	0	0	0	0	444	528	
0	0	0	0	0	461	529	
1	0	0	0	0	475	531	
2	0	0	0	0	484	532	
3	0	0	0	0	492	533	
4	0	0	0	0	495	534	
5	0	0	0	0	495	534	
6	0	0	0	0	494	535	
7	0	0	0	0	487	535	
8	0	0	0	0	477	535	
9	0	0	0	0	467	536	
10	0	0	0	0	456	536	
11	0	0	0	0	446	536	
12	0	0	0	0	435	537	
13	0	0	0	0	425	537	
14	0	0	0	0	417	536	
15	0	0	0	0	408	536	
0	0	0	0	0	402	536	
1	0	0	0	0	398	536	
2	0	0	0	0	396	537	
3	0	0	0	0	395	538	
4	0	0	0	0	393	540	
5	0	0	0	0	393	541	
6	0	0	0	0	392	543	
7	0	0	0	0	391	545	
8	0	0	0	0	392	548	
9	0	0	0	0	392	549	
10	0	0	0	0	394	550	
11	0	0	0	0	396	550	
12	0	0	0	0	398	550	
13	0	0	0	0	403	551	
14	0	0	0	0	412	551	
15	0	0	0	0	429	551	
0	0	0	0	0	456	551	
1	0	0	0	0	497	551	
2	0	0	0	0	550	551	
3	0	0	0	0	613	550	
4	0	0	0	0	682	550	
5	0	0	0	0	752	550	
6	0	0	0	0	816	549	
7	0	0	0	0	867	549	
8	0	0	0	0	903	549	
9	0	0	0	0	920	548	
10	0	0	0	0	917	547	
11	0	0	0	0	897	547	
12	0	0	0	0	861	546	
13	0	0	0	0	811	546	
14	0	0	0	0	755	546	
15	0	0	0	0	695	546	
0	0	0	0	0	635	547	
1	0	0	0	0	578	548	
2	0	0	0	0	526	548	
3	0	0	0	0	478	548	
4	0	0	0	0	435	548	
5	0	0	0	0	400	548	
6	0	0	0	0	372	549	
7	0	0	0	0	350	549	
8	0	0	0	0	337	550	
9	0	0	0	0	329	551	
10	0	0	0	0	329	551	
11	0	0	0	0	335	551	
12	0	0	0	0	348	551	
13	0	0	0	0	365	551	
14	0	0	0	0	386	551	
15	0	0	0	0	409	551	
0	0	0	0	0	436	551	
1	0	0	0	0	460	551	
2	0	0	0	0	483	551	
3	0	0	0	0	502	551	
4	0	0	0	0	518	552	
5	0	0	0	0	529	552	
6	0	0	0	0	535	551	
7	0	0	0	0	537	551	
8	0	0	0	0	536	551	
9	0	0	0	0	531	550	
10	0	0	0	0	523	550	
11	0	0	0	0	513	549	
12	0	0	0	0	504	548	
13	0	0	0	0	493	548	
14	0	0	0	0	482	547	
15	0	0	0	0	471	545	
0	0	0	0	0	461	543	
1	0	0	0	0	451	541	
2	0	0	0	0	439	539	
3	0	0	0	0	430	538	
4	0	0	0	0	424	537	
5	0	0	0	0	419	536	
6	0	0	0	0	416	536	
7	0	0	0	0	415	537	
8	0	0	0	0	416	538	
9	0	0	0	0	418	540	
10	0	0	0	0	421	540	
11	0	0	0	0	423	540	
12	0	0	0	0	427	540	
13	0	0	0	0	431	539	
14	0	0	0	0	435	538	
15	0	0	0	0	443	538	
0	0	0	0	0	456	537	
1	0	0	0	0	478	537	
2	0	0	0	0	515	536	
3	0	0	0	0	565	536	
4	0	0	0	0	630	535	
5	0	0	0	0	704	534	
6	0	0	0	0	782	534	
7	0	0	0	0	857	533	
8	0	0	0	0	921	532	
9	0	0	0	0	946	532	
10	0	0	0	0	946	531	
11	0	0	0	0	946	531	
12	0	0	0	0	946	529	
13	0	0	0	0	946	528	
14	0	0	0	0	923	528	
15	0	0	0	0	860	528	
0	0	0	0	0	789	528	
1	0	0	0	0	713	529	
2	0	0	0	0	638	529	
3	0	0	0	0	570	529	
4	0	0	0	0	508	529	
5	0	0	0	0	452	529	
6	0	0	0	0	407	529	
7	0	0	0	0	371	529	
8	0	0	0	0	342	529	
9	0	0	0	0	323	529	
10	0	0	0	0	312	528	
11	0	0	0	0	312	528	
12	0	0	0	0	318	528	
13	0	0	0	0	331	528	
14	0	0	0	0	351	528	
15	0	0	0	0	374	528	
0	0	0	0	0	399	528	
1	0	0	0	0	424	527	
2	0	0	0	0	449	527	
3	0	0	0	0	475	527	
4	0	0	0	0	497	526	
5	0	0	0	0	515	526	
6	0	0	0	0	527	526	
7	0	0	0	0	532	525	
8	0	0	0	0	535	525	
9	0	0	0	0	531	524	
10	0	0	0	0	523	524	
11	0	0	0	0	511	523	
12	0	0	0	0	499	523	
13	0	0	0	0	486	522	
14	0	0	0	0	472	521	
15	0	0	0	0	460	520	
0	0	0	0	0	448	519	
1	0	0	0	0	437	518	
2	0	0	0	0	429	516	
3	0	0	0	0	422	515	
4	0	0	0	0	418	515	
5	0	0	0	0	414	514	
6	0	0	0	0	411	513	
7	0	0	0	0	412	514	
8	0	0	0	0	413	515	
9	0	0	0	0	415	518	
10	0	0	0	0	416	520	
11	0	0	0	0	417	522	
12	0	0	0	0	420	523	
13	0	0	0	0	421	523	
14	0	0	0	0	422	523	
15	0	0	0	0	426	522	
0	0	0	0	0	432	522	
1	0	0	0	0	447	522	
2	0	0	0	0	475	521	
3	0	0	0	0	523	521	
4	0	0	0	0	586	521	
5	0	0	0	0	663	521	
6	0	0	0	0	749	520	
7	0	0	0	0	834	519	
8	0	0	0	0	911	519	
9	0	0	0	0	946	518	
10	0	0	0	0	946	518	
11	0	0	0	0	946	517	
12	0	0	0	0	946	515	
13	0	0	0	0	946	515	
14	0	0	0	0	946	514	
15	0	0	0	0	913	513	
0	0	0	0	0	844	512	
1	0	0	0	0	766	511	
2	0	0	0	0	691	510	
3	0	0	0	0	617	511	
4	0	0	0	0	550	511	
5	0	0	0	0	489	510	
6	0	0	0	0	437	510	
7	0	0	0	0	393	510	
8	0	0	0	0	358	510	
9	0	0	0	0	333	509	
10	0	0	0	0	315	508	
11	0	0	0	0	305	509	
12	0	0	0	0	303	509	
13	0	0	0	0	309	509	
14	0	0	0	0	321	509	
15	0	0	0	0	339	508	
0	0	0	0	0	360	509	
1	0	0	0	0	386	508	
2	0	0	0	0	414	508	
3	0	0	0	0	442	508	
4	0	0	0	0	469	507	
5	0	0	0	0	492	507	
6	0	0	0	0	510	507	
7	0	0	0	0	524	507	
8	0	0	0	0	531	507	
9	0	0	0	0	534	506	
10	0	0	0	0	532	506	
11	0	0	0	0	525	505	
12	0	0	0	0	516	505	
13	0	0	0	0	505	504	
14	0	0	0	0	492	504	
15	0	0	0	0	477	504	
0	0	0	0	0	461	503	
1	0	0	0	0	448	502	
2	0	0	0	0	435	501	
3	0	0	0	0	424	500	
4	0	0	0	0	415	499	
5	0	0	0	0	407	499	
6	0	0	0	0	401	499	
7	0	0	0	0	394	498	
8	0	0	0	0	391	497	
9	0	0	0	0	387	499	
10	0	0	0	0	385	500	
11	0	0	0	0	386	503	
12	0	0	0	0	387	505	
13	0	0	0	0	390	506	
14	0	0	0	0	394	506	
15	0	0	0	0	398	506	
0	0	0	0	0	403	506	
1	0	0	0	0	413	505	
2	0	0	0	0	434	505	
3	0	0	0	0	471	505	
4	0	0	0	0	527	504	
5	0	0	0	0	600	504	
6	0	0	0	0	685	503	
7	0	0	0	0	776	503	
8	0	0	0	0	862	502	
9	0	0	0	0	934	502	
10	0	0	0	0	946	502	
11	0	0	0	0	946	500	
12	0	0	0	0	946	498	
13	0	0	0	0	946	499	
14	0	0	0	0	946	497	
15	0	0	0	0	946	495	
0	0	0	0	0	896	494	
1	0	0	0	0	822	494	
2	0	0	0	0	742	494	
3	0	0	0	0	662	493	
4	0	0	0	0	586	493	
5	0	0	0	0	516	493	
6	0	0	0	0	456	493	
7	0	0	0	0	403	493	
8	0	0	0	0	361	492	
9	0	0	0	0	328	492	
10	0	0	0	0	303	492	
11	0	0	0	0	288	492	
12	0	0	0	0	279	492	
13	0	0	0	0	277	493	
14	0	0	0	0	284	493	
15	0	0	0	0	298	493	
0	0	0	0	0	320	493	
1	0	0	0	0	347	493	
2	0	0	0	0	375	492	
3	0	0	0	0	407	493	
4	0	0	0	0	436	492	
5	0	0	0	0	462	492	
6	0	0	0	0	484	491	
7	0	0	0	0	503	491	
8	0	0	0	0	516	491	
9	0	0	0	0	523	491	
10	0	0	0	0	527	491	
11	0	0	0	0	526	490	
12	0	0	0	0	520	490	
13	0	0	0	0	511	489	
14	0	0	0	0	500	489	
15	0	0	0	0	487	488	
0	0	0	0	0	473	487	
1	0	0	0	0	457	486	
2	0	0	0	0	443	486	
3	0	0	0	0	427	484	
4	0	0	0	0	414	483	
5	0	0	0	0	401	481	
6	0	0	0	0	393	480	
7	0	0	0	0	387	479	
8	0	0	0	0	383	478	
9	0	0	0	0	382	477	
10	0	0	0	0	381	476	
11	0	0	0	0	380	477	
12	0	0	0	0	382	478	
13	0	0	0	0	384	479	
14	0	0	0	0	386	480	
15	0	0	0	0	388	481	
0	0	0	0	0	391	481	
1	0	0	0	0	396	479	
2	0	0	0	0	401	477	
3	0	0	0	0	409	476	
4	0	0	0	0	425	474	
5	0	0	0	0	453	472	
6	0	0	0	0	502	471	
7	0	0	0	0	570	470	
8	0	0	0	0	654	468	
9	0	0	0	0	743	466	
10	0	0	0	0	833	464	
11	0	0	0	0	912	461	
12	0	0	0	0	946	460	
13	0	0	0	0	946	458	
14	0	0	0	0	946	455	
15	0	0	0	0	946	454	
0	0	0	0	0	946	451	
1	0	0	0	0	946	451	
2	0	0	0	0	918	450	
3	0	0	0	0	843	448	
4	0	0	0	0	761	446	
5	0	0	0	0	675	446	
6	0	0	0	0	593	446	
7	0	0	0	0	519	445	
8	0	0	0	0	452	444	
9	0	0	0	0	394	444	
10	0	0	0	0	347	444	
11	0	0	0	0	310	443	
12	0	0	0	0	284	443	
13	0	0	0	0	265	442	
14	0	0	0	0	257	443	
15	0	0	0	0	259	443	
0	0	0	0	0	269	442	
1	0	0	0	0	286	442	
2	0	0	0	0	310	442	
3	0	0	0	0	337	442	
4	0	0	0	0	367	442	
5	0	0	0	0	397	442	
6	0	0	0	0	430	442	
7	0	0	0	0	458	441	
8	0	0	0	0	484	441	
9	0	0	0	0	504	442	
10	0	0	0	0	518	441	
11	0	0	0	0	526	442	
12	0	0	0	0	529	442	
13	0	0	0	0	525	442	
14	0	0	0	0	518	443	
15	0	0	0	0	506	443	
0	0	0	0	0	492	444	
1	0	0	0	0	478	444	
2	0	0	0	0	463	444	
3	0	0	0	0	448	444	
4	0	0	0	0	433	444	
5	0	0	0	0	420	444	
6	0	0	0	0	410	444	
7	0	0	0	0	400	444	
8	0	0	0	0	393	444	
9	0	0	0	0	386	445	
10	0	0	0	0	381	445	
11	0	0	0	0	378	444	
12	0	0	0	0	378	445	
13	0	0	0	0	377	446	
14	0	0	0	0	379	448	
15	0	0	0	0	381	449	
0	0	0	0	0	382	452	
1	0	0	0	0	384	455	
2	0	0	0	0	386	457	
3	0	0	0	0	388	458	
4	0	0	0	0	393	459	
5	0	0	0	0	397	459	
6	0	0	0	0	403	459	
7	0	0	0	0	412	458	
8	0	0	0	0	431	458	
9	0	0	0	0	468	458	
10	0	0	0	0	524	458	
11	0	0	0	0	599	457	
12	0	0	0	0	686	457	
13	0	0	0	0	778	457	
14	0	0	0	0	867	455	
15	0	0	0	0	940	455	
0	0	0	0	0	946	454	
1	0	0	0	0	946	452	
2	0	0	0	0	946	453	
3	0	0	0	0	946	451	
4	0	0	0	0	946	451	
5	0	0	0	0	946	450	
6	0	0	0	0	906	450	
7	0	0	0	0	828	450	
8	0	0	0	0	742	449	
9	0	0	0	0	658	449	
10	0	0	0	0	577	449	
11	0	0	0	0	504	449	
12	0	0	0	0	439	449	
13	0	0	0	0	384	449	
14	0	0	0	0	339	450	
15	0	0	0	0	305	449	
0	0	0	0	0	280	449	
1	0	0	0	0	263	450	
2	0	0	0	0	257	450	
3	0	0	0	0	258	451	
4	0	0	0	0	269	451	
5	0	0	0	0	286	452	
6	0	0	0	0	309	452	
7	0	0	0	0	338	453	
8	0	0	0	0	368	453	
9	0	0	0	0	400	454	
10	0	0	0	0	432	454	
11	0	0	0	0	461	454	
12	0	0	0	0	486	454	
13	0	0	0	0	506	455	
14	0	0	0	0	519	456	
15	0	0	0	0	528	456	
0	0	0	0	0	532	457	
1	0	0	0	0	531	458	
2	0	0	0	0	524	458	
3	0	0	0	0	514	458	
4	0	0	0	0	502	458	
5	0	0	0	0	487	459	
6	0	0	0	0	471	459	
7	0	0	0	0	454	459	
8	0	0	0	0	439	459	
9	0	0	0	0	425	459	
10	0	0	0	0	414	458	
11	0	0	0	0	406	458	
12	0	0	0	0	399	458	
13	0	0	0	0	391	458	
14	0	0	0	0	387	458	
15	0	0	0	0	384	458	
0	0	0	0	0	384	458	
1	0	0	0	0	383	459	
2	0	0	0	0	384	460	
3	0	0	0	0	386	461	
4	0	0	0	0	388	462	
5	0	0	0	0	390	464	
6	0	0	0	0	392	465	
7	0	0	0	0	397	466	
8	0	0	0	0	401	465	
9	0	0	0	0	405	464	
10	0	0	0	0	413	464	
11	0	0	0	0	427	464	
12	0	0	0	0	455	463	
13	0	0	0	0	499	463	
14	0	0	0	0	562	463	
15	0	0	0	0	644	463	
0	0	0	0	0	735	462	
1	0	0	0	0	826	461	
2	0	0	0	0	910	461	
3	0	0	0	0	946	460	
4	0	0	0	0	946	460	
5	0	0	0	0	946	459	
6	0	0	0	0	946	459	
7	0	0	0	0	946	458	
8	0	0	0	0	946	457	
9	0	0	0	0	946	457	
10	0	0	0	0	882	457	
11	0	0	0	0	799	457	
12	0	0	0	0	716	456	
13	0	0	0	0	632	457	
14	0	0	0	0	552	457	
15	0	0	0	0	481	457	
0	0	0	0	0	421	458	
1	0	0	0	0	368	458	
2	0	0	0	0	326	458	
3	0	0	0	0	295	459	
4	0	0	0	0	274	459	
5	0	0	0	0	264	460	
6	0	0	0	0	265	460	
7	0	0	0	0	272	461	
8	0	0	0	0	289	461	
9	0	0	0	0	311	462	
10	0	0	0	0	339	462	
11	0	0	0	0	370	463	
12	0	0	0	0	404	463	
13	0	0	0	0	435	463	
14	0	0	0	0	466	463	
15	0	0	0	0	493	464	
0	0	0	0	0	515	464	
1	0	0	0	0	532	464	
2	0	0	0	0	543	465	
3	0	0	0	0	548	465	
4	0	0	0	0	546	465	
5	0	0	0	0	540	465	
6	0	0	0	0	528	465	
7	0	0	0	0	513	465	
8	0	0	0	0	496	465	
9	0	0	0	0	480	465	
10	0	0	0	0	464	465	
11	0	0	0	0	448	465	
12	0	0	0	0	434	466	
13	0	0	0	0	420	466	
14	0	0	0	0	409	466	
15	0	0	0	0	402	466	
0	0	0	0	0	397	467	
1	0	0	0	0	395	467	
2	0	0	0	0	392	468	
3	0	0	0	0	391	469	
4	0	0	0	0	391	470	
5	0	0	0	0	390	472	
6	0	0	0	0	391	474	
7	0	0	0	0	391	476	
8	0	0	0	0	394	479	
9	0	0	0	0	396	481	
10	0	0	0	0	398	482	
11	0	0	0	0	401	482	
12	0	0	0	0	404	483	
13	0	0	0	0	412	483	
14	0	0	0	0	430	484	
15	0	0	0	0	462	484	
0	0	0	0	0	514	486	
1	0	0	0	0	583	487	
2	0	0	0	0	666	487	
3	0	0	0	0	756	488	
4	0	0	0	0	842	489	
5	0	0	0	0	918	488	
6	0	0	0	0	946	487	
7	0	0	0	0	946	489	
8	0	0	0	0	946	489	
9	0	0	0	0	946	491	
10	0	0	0	0	946	491	
11	0	0	0	0	946	493	
12	0	0	0	0	898	493	
13	0	0	0	0	822	494	
14	0	0	0	0	743	495	
15	0	0	0	0	663	496	
0	0	0	0	0	585	498	
1	0	0	0	0	515	500	
2	0	0	0	0	452	502	
3	0	0	0	0	399	503	
4	0	0	0	0	354	504	
5	0	0	0	0	319	506	
6	0	0	0	0	294	507	
7	0	0	0	0	279	509	
8	0	0	0	0	273	510	
9	0	0	0	0	276	512	
10	0	0	0	0	288	513	
11	0	0	0	0	306	515	
12	0	0	0	0	331	517	
13	0	0	0	0	357	517	
14	0	0	0	0	388	519	
15	0	0	0	0	418	520	
0	0	0	0	0	448	521	
1	0	0	0	0	477	523	
2	0	0	0	0	499	524	
3	0	0	0	0	517	525	
4	0	0	0	0	527	526	
5	0	0	0	0	532	527	
6	0	0	0	0	530	527	
7	0	0	0	0	524	528	
8	0	0	0	0	514	529	
9	0	0	0	0	501	529	
10	0	0	0	0	487	529	
11	0	0	0	0	472	530	
12	0	0	0	0	457	530	
13	0	0	0	0	444	530	
14	0	0	0	0	428	530	
15	0	0	0	0	417	530	
0	0	0	0	0	408	530	
1	0	0	0	0	398	530	
2	0	0	0	0	391	530	
3	0	0	0	0	385	530	
4	0	0	0	0	382	530	
5	0	0	0	0	380	531	
6	0	0	0	0	381	532	
7	0	0	0	0	381	534	
8	0	0	0	0	382	535	
9	0	0	0	0	384	537	
10	0	0	0	0	387	539	
11	0	0	0	0	390	540	
12	0	0	0	0	393	540	
13	0	0	0	0	397	540	
14	0	0	0	0	403	539	
15	0	0	0	0	414	539	
0	0	0	0	0	435	539	
1	0	0	0	0	471	539	
2	0	0	0	0	523	539	
3	0	0	0	0	591	538	
4	0	0	0	0	669	538	
5	0	0	0	0	749	537	
6	0	0	0	0	825	536	
7	0	0	0	0	888	536	
8	0	0	0	0	934	535	
9	0	0	0	0	946	536	
10	0	0	0	0	946	535	
11	0	0	0	0	943	535	
12	0	0	0	0	903	534	
13	0	0	0	0	850	534	
14	0	0	0	0	786	533	
15	0	0	0	0	717	533	
0	0	0	0	0	648	534	
1	0	0	0	0	580	535	
2	0	0	0	0	519	536	
3	0	0	0	0	464	537	
4	0	0	0	0	416	538	
5	0	0	0	0	377	537	
6	0	0	0	0	346	538	
7	0	0	0	0	324	538	
8	0	0	0	0	311	539	
9	0	0	0	0	304	539	
10	0	0	0	0	307	540	
11	0	0	0	0	319	541	
12	0	0	0	0	337	542	
13	0	0	0	0	359	542	
14	0	0	0	0	384	542	
15	0	0	0	0	411	543	
0	0	0	0	0	441	543	
1	0	0	0	0	469	543	
2	0	0	0	0	496	544	
3	0	0	0	0	518	544	
4	0	0	0	0	536	544	
5	0	0	0	0	546	544	
6	0	0	0	0	551	544	
7	0	0	0	0	552	544	
8	0	0	0	0	548	544	
9	0	0	0	0	541	544	
10	0	0	0	0	528	543	
11	0	0	0	0	515	543	
12	0	0	0	0	501	542	
13	0	0	0	0	487	542	
14	0	0	0	0	475	541	
15	0	0	0	0	463	540	
0	0	0	0	0	452	538	
1	0	0	0	0	441	536	
2	0	0	0	0	431	535	
3	0	0	0	0	423	534	
4	0	0	0	0	416	533	
5	0	0	0	0	411	533	
6	0	0	0	0	407	533	
7	0	0	0	0	405	534	
8	0	0	0	0	404	535	
9	0	0	0	0	405	537	
10	0	0	0	0	407	539	
11	0	0	0	0	408	540	
12	0	0	0	0	411	540	
13	0	0	0	0	415	539	
14	0	0	0	0	420	539	
15	0	0	0	0	428	538	
0	0	0	0	0	443	537	
1	0	0	0	0	468	537	
2	0	0	0	0	506	537	
3	0	0	0	0	558	536	
4	0	0	0	0	620	536	
5	0	0	0	0	687	535	
6	0	0	0	0	755	535	
7	0	0	0	0	816	533	
8	0	0	0	0	864	532	
9	0	0	0	0	895	531	
10	0	0	0	0	907	531	
11	0	0	0	0	901	531	
12	0	0	0	0	877	529	
13	0	0	0	0	837	528	
14	0	0	0	0	786	526	
15	0	0	0	0	729	525	
0	0	0	0	0	670	525	
1	0	0	0	0	610	525	
2	0	0	0	0	557	525	
3	0	0	0	0	508	524	
4	0	0	0	0	466	524	
5	0	0	0	0	428	524	
6	0	0	0	0	397	523	
7	0	0	0	0	371	522	
8	0	0	0	0	352	522	
9	0	0	0	0	341	522	
10	0	0	0	0	337	522	
11	0	0	0	0	338	523	
12	0	0	0	0	345	522	
13	0	0	0	0	358	522	
14	0	0	0	0	375	523	
15	0	0	0	0	392	522	
0	0	0	0	0	412	522	
1	0	0	0	0	430	522	
2	0	0	0	0	449	522	
3	0	0	0	0	466	521	
4	0	0	0	0	478	522	
5	0	0	0	0	487	521	
6	0	0	0	0	493	521	
7	0	0	0	0	496	521	
8	0	0	0	0	495	521	
9	0	0	0	0	492	520	
10	0	0	0	0	485	520	
11	0	0	0	0	477	519	
12	0	0	0	0	468	519	
13	0	0	0	0	457	518	
14	0	0	0	0	446	517	
15	0	0	0	0	438	517	
0	0	0	0	0	431	515	
1	0	0	0	0	424	513	
2	0	0	0	0	421	512	
3	0	0	0	0	418	512	
4	0	0	0	0	414	511	
5	0	0	0	0	411	511	
6	0	0	0	0	410	512	
7	0	0	0	0	410	514	
8	0	0	0	0	409	516	
9	0	0	0	0	408	518	
10	0	0	0	0	409	519	
11	0	0	0	0	411	521	
12	0	0	0	0	413	521	
13	0	0	0	0	414	521	
14	0	0	0	0	417	521	
15	0	0	0	0	424	521	
0	0	0	0	0	439	521	
1	0	0	0	0	465	521	
2	0	0	0	0	501	521	
3	0	0	0	0	550	520	
4	0	0	0	0	606	520	
5	0	0	0	0	668	519	
6	0	0	0	0	726	519	
7	0	0	0	0	779	518	
8	0	0	0	0	819	517	
9	0	0	0	0	843	517	
10	0	0	0	0	849	517	
11	0	0	0	0	840	516	
12	0	0	0	0	815	515	
13	0	0	0	0	780	514	
14	0	0	0	0	735	513	
15	0	0	0	0	686	511	
0	0	0	0	0	637	511	
1	0	0	0	0	587	511	
2	0	0	0	0	541	511	
3	0	0	0	0	500	511	
4	0	0	0	0	465	510	
5	0	0	0	0	434	510	
6	0	0	0	0	409	509	
7	0	0	0	0	390	508	
8	0	0	0	0	377	508	
9	0	0	0	0	369	508	
10	0	0	0	0	367	507	
11	0	0	0	0	370	507	
12	0	0	0	0	374	507	
13	0	0	0	0	383	507	
14	0	0	0	0	394	506	
15	0	0	0	0	409	506	
0	0	0	0	0	425	505	
1	0	0	0	0	443	505	
2	0	0	0	0	457	504	
3	0	0	0	0	470	503	
4	0	0	0	0	481	503	
5	0	0	0	0	488	503	
6	0	0	0	0	494	502	
7	0	0	0	0	496	502	
8	0	0	0	0	496	501	
9	0	0	0	0	494	500	
10	0	0	0	0	487	500	
11	0	0	0	0	482	499	
12	0	0	0	0	473	498	
13	0	0	0	0	465	497	
14	0	0	0	0	458	497	
15	0	0	0	0	451	495	
0	0	0	0	0	445	494	
1	0	0	0	0	438	493	
2	0	0	0	0	432	492	
3	0	0	0	0	427	492	
4	0	0	0	0	423	491	
5	0	0	0	0	418	491	
6	0	0	0	0	413	490	
7	0	0	0	0	411	492	
8	0	0	0	0	411	494	
9	0	0	0	0	411	496	
10	0	0	0	0	413	498	
11	0	0	0	0	414	500	
12	0	0	0	0	416	500	
13	0	0	0	0	419	500	
14	0	0	0	0	424	500	
15	0	0	0	0	433	500	
0	0	0	0	0	447	500	
1	0	0	0	0	471	500	
2	0	0	0	0	507	499	
3	0	0	0	0	553	499	
4	0	0	0	0	609	499	
5	0	0	0	0	670	498	
6	0	0	0	0	729	498	
7	0	0	0	0	783	497	
8	0	0	0	0	825	497	
9	0	0	0	0	854	495	
10	0	0	0	0	865	494	
11	0	0	0	0	861	495	
12	0	0	0	0	842	495	
13	0	0	0	0	809	494	
14	0	0	0	0	768	493	
15	0	0	0	0	721	491	
0	0	0	0	0	673	490	
1	0	0	0	0	623	489	
2	0	0	0	0	577	489	
3	0	0	0	0	534	489	
4	0	0	0	0	498	489	
5	0	0	0	0	464	489	
6	0	0	0	0	437	489	
7	0	0	0	0	413	489	
8	0	0	0	0	394	490	
9	0	0	0	0	379	491	
10	0	0	0	0	369	491	
11	0	0	0	0	362	492	
12	0	0	0	0	361	493	
13	0	0	0	0	364	494	
14	0	0	0	0	371	495	
15	0	0	0	0	383	496	
0	0	0	0	0	398	497	
1	0	0	0	0	415	498	
2	0	0	0	0	432	498	
3	0	0	0	0	446	499	
4	0	0	0	0	459	499	
5	0	0	0	0	471	499	
6	0	0	0	0	480	500	
7	0	0	0	0	486	500	
8	0	0	0	0	488	501	
9	0	0	0	0	487	502	
10	0	0	0	0	483	502	
11	0	0	0	0	475	503	
12	0	0	0	0	468	503	
13	0	0	0	0	459	503	
14	0	0	0	0	450	503	
15	0	0	0	0	443	503	
0	0	0	0	0	436	502	
1	0	0	0	0	430	502	
2	0	0	0	0	422	502	
3	0	0	0	0	416	501	
4	0	0	0	0	412	500	
5	0	0	0	0	409	499	
6	0	0	0	0	407	499	
7	0	0	0	0	405	498	
8	0	0	0	0	405	497	
9	0	0	0	0	404	497	
10	0	0	0	0	404	497	
11	0	0	0	0	406	498	
12	0	0	0	0	408	499	
13	0	0	0	0	410	502	
14	0	0	0	0	412	504	
15	0	0	0	0	415	505	
0	0	0	0	0	418	505	
1	0	0	0	0	421	505	
2	0	0	0	0	425	505	
3	0	0	0	0	435	504	
4	0	0	0	0	452	504	
5	0	0	0	0	482	504	
6	0	0	0	0	527	503	
7	0	0	0	0	585	502	
8	0	0	0	0	653	500	
9	0	0	0	0	723	500	
10	0	0	0	0	790	499	
11	0	0	0	0	847	497	
12	0	0	0	0	892	496	
13	0	0	0	0	918	495	
14	0	0	0	0	924	494	
15	0	0	0	0	912	492	
0	0	0	0	0	883	493	
1	0	0	0	0	840	491	
2	0	0	0	0	787	490	
3	0	0	0	0	729	488	
4	0	0	0	0	671	487	
5	0	0	0	0	613	486	
6	0	0	0	0	561	485	
7	0	0	0	0	514	485	
8	0	0	0	0	471	484	
9	0	0	0	0	435	483	
10	0	0	0	0	404	483	
11	0	0	0	0	379	482	
12	0	0	0	0	360	481	
13	0	0	0	0	345	480	
14	0	0	0	0	336	479	
15	0	0	0	0	332	479	
0	0	0	0	0	332	477	
1	0	0	0	0	335	477	
2	0	0	0	0	342	476	
3	0	0	0	0	356	475	
4	0	0	0	0	373	474	
5	0	0	0	0	392	474	
6	0	0	0	0	410	472	
7	0	0	0	0	426	471	
8	0	0	0	0	440	471	
9	0	0	0	0	452	470	
10	0	0	0	0	460	469	
11	0	0	0	0	464	468	
12	0	0	0	0	463	467	
13	0	0	0	0	460	467	
14	0	0	0	0	452	465	
15	0	0	0	0	445	465	
0	0	0	0	0	436	464	
1	0	0	0	0	425	463	
2	0	0	0	0	416	462	
3	0	0	0	0	407	462	
4	0	0	0	0	397	461	
5	0	0	0	0	388	460	
6	0	0	0	0	380	460	
7	0	0	0	0	375	459	
8	0	0	0	0	369	459	
9	0	0	0	0	368	458	
10	0	0	0	0	367	457	
11	0	0	0	0	369	456	
12	0	0	0	0	371	456	
13	0	0	0	0	373	455	
14	0	0	0	0	376	455	
15	0	0	0	0	381	454	
0	0	0	0	0	387	453	
1	0	0	0	0	391	451	
2	0	0	0	0	396	451	
3	0	0	0	0	402	450	
4	0	0	0	0	406	449	
5	0	0	0	0	411	449	
6	0	0	0	0	415	449	
7	0	0	0	0	418	449	
8	0	0	0	0	420	450	
9	0	0	0	0	421	452	
10	0	0	0	0	421	453	
11	0	0	0	0	422	454	
12	0	0	0	0	422	454	
13	0	0	0	0	423	453	
14	0	0	0	0	425	452	
15	0	0	0	0	434	452	
0	0	0	0	0	454	451	
1	0	0	0	0	487	451	
2	0	0	0	0	536	450	
3	0	0	0	0	601	450	
4	0	0	0	0	676	450	
5	0	0	0	0	754	449	
6	0	0	0	0	826	448	
7	0	0	0	0	889	446	
8	0	0	0	0	933	447	
9	0	0	0	0	946	446	
10	0	0	0	0	945	446	
11	0	0	0	0	937	446	
12	0	0	0	0	896	445	
13	0	0	0	0	841	446	
14	0	0	0	0	776	445	
15	0	0	0	0	708	444	
0	0	0	0	0	637	444	
1	0	0	0	0	570	444	
2	0	0	0	0	510	444	
3	0	0	0	0	456	444	
4	0	0	0	0	411	445	
5	0	0	0	0	374	445	
6	0	0	0	0	343	446	
7	0	0	0	0	319	446	
8	0	0	0	0	302	447	
9	0	0	0	0	291	448	
10	0	0	0	0	283	448	
11	0	0	0	0	282	448	
12	0	0	0	0	287	448	
13	0	0	0	0	296	449	
14	0	0	0	0	310	449	
15	0	0	0	0	326	449	
0	0	0	0	0	347	450	
1	0	0	0	0	369	450	
2	0	0	0	0	390	450	
3	0	0	0	0	412	451	
4	0	0	0	0	432	450	
5	0	0	0	0	449	451	
6	0	0	0	0	461	451	
7	0	0	0	0	469	451	
8	0	0	0	0	471	451	
9	0	0	0	0	469	451	
10	0	0	0	0	463	452	
11	0	0	0	0	455	452	
12	0	0	0	0	446	452	
13	0	0	0	0	434	452	
14	0	0	0	0	422	452	
15	0	0	0	0	410	452	
0	0	0	0	0	398	452	
1	0	0	0	0	384	452	
2	0	0	0	0	376	452	
3	0	0	0	0	368	451	
4	0	0	0	0	365	451	
5	0	0	0	0	363	451	
6	0	0	0	0	360	451	
7	0	0	0	0	360	452	
8	0	0	0	0	361	451	
9	0	0	0	0	364	452	
10	0	0	0	0	368	452	
11	0	0	0	0	372	452	
12	0	0	0	0	377	451	
13	0	0	0	0	383	452	
14	0	0	0	0	390	451	
15	0	0	0	0	396	451	
0	0	0	0	0	402	451	
1	0	0	0	0	408	451	
2	0	0	0	0	414	450	
3	0	0	0	0	419	450	
4	0	0	0	0	425	449	
5	0	0	0	0	430	450	
6	0	0	0	0	433	450	
7	0	0	0	0	436	451	
8	0	0	0	0	439	451	
9	0	0	0	0	438	453	
10	0	0	0	0	436	455	
11	0	0	0	0	435	457	
12	0	0	0	0	432	459	
13	0	0	0	0	431	461	
14	0	0	0	0	429	461	
15	0	0	0	0	426	461	
0	0	0	0	0	427	461	
1	0	0	0	0	429	460	
2	0	0	0	0	441	461	
3	0	0	0	0	469	461	
4	0	0	0	0	514	462	
5	0	0	0	0	576	462	
6	0	0	0	0	654	462	
7	0	0	0	0	739	463	
8	0	0	0	0	826	463	
9	0	0	0	0	900	463	
10	0	0	0	0	945	462	
11	0	0	0	0	945	463	
12	0	0	0	0	946	464	
13	0	0	0	0	945	464	
14	0	0	0	0	945	464	
15	0	0	0	0	920	465	
0	0	0	0	0	857	466	
1	0	0	0	0	785	466	
2	0	0	0	0	711	466	
3	0	0	0	0	638	466	
4	0	0	0	0	572	467	
5	0	0	0	0	511	468	
6	0	0	0	0	460	470	
7	0	0	0	0	417	472	
8	0	0	0	0	384	473	
9	0	0	0	0	357	475	
10	0	0	0	0	337	476	
11	0	0	0	0	323	477	
12	0	0	0	0	316	479	
13	0	0	0	0	314	480	
14	0	0	0	0	319	481	
15	0	0	0	0	328	483	
0	0	0	0	0	343	485	
1	0	0	0	0	360	487	
2	0	0	0	0	380	488	
3	0	0	0	0	404	489	
4	0	0	0	0	427	491	
5	0	0	0	0	450	492	
6	0	0	0	0	471	493	
7	0	0	0	0	488	495	
8	0	0	0	0	500	496	
9	0	0	0	0	508	496	
10	0	0	0	0	511	498	
11	0	0	0	0	510	499	
12	0	0	0	0	504	500	
13	0	0	0	0	496	502	
14	0	0	0	0	487	503	
15	0	0	0	0	477	504	
0	0	0	0	0	465	505	
1	0	0	0	0	454	506	
2	0	0	0	0	441	507	
3	0	0	0	0	430	508	
4	0	0	0	0	420	510	
5	0	0	0	0	410	511	
6	0	0	0	0	402	512	
7	0	0	0	0	396	514	
8	0	0	0	0	390	515	
9	0	0	0	0	388	516	
10	0	0	0	0	387	517	
11	0	0	0	0	390	518	
12	0	0	0	0	394	519	
13	0	0	0	0	398	519	
14	0	0	0	0	403	520	
15	0	0	0	0	410	521	
0	0	0	0	0	417	521	
1	0	0	0	0	422	521	
2	0	0	0	0	430	521	
3	0	0	0	0	437	521	
4	0	0	0	0	445	521	
5	0	0	0	0	451	521	
6	0	0	0	0	455	520	
7	0	0	0	0	460	519	
8	0	0	0	0	465	519	
9	0	0	0	0	468	519	
10	0	0	0	0	469	519	
11	0	0	0	0	470	519	
12	0	0	0	0	468	520	
13	0	0	0	0	466	521	
14	0	0	0	0	463	524	
15	0	0	0	0	460	525	
0	0	0	0	0	457	527	
1	0	0	0	0	454	526	
2	0	0	0	0	452	526	
3	0	0	0	0	449	525	
4	0	0	0	0	452	525	
5	0	0	0	0	460	525	
6	0	0	0	0	481	525	
7	0	0	0	0	517	525	
8	0	0	0	0	573	525	
9	0	0	0	0	646	525	
10	0	0	0	0	730	524	
11	0	0	0	0	816	524	
12	0	0	0	0	898	523	
13	0	0	0	0	945	523	
14	0	0	0	0	945	523	
15	0	0	0	0	945	522	
0	0	0	0	0	946	522	
1	0	0	0	0	945	522	
2	0	0	0	0	945	520	
3	0	0	0	0	945	519	
4	0	0	0	0	918	519	
5	0	0	0	0	848	518	
6	0	0	0	0	772	517	
7	0	0	0	0	696	517	
8	0	0	0	0	624	517	
9	0	0	0	0	560	518	
10	0	0	0	0	503	518	
11	0	0	0	0	456	518	
12	0	0	0	0	417	517	
13	0	0	0	0	385	517	
14	0	0	0	0	362	517	
15	0	0	0	0	345	516	
0	0	0	0	0	337	517	
1	0	0	0	0	336	517	
2	0	0	0	0	342	517	
3	0	0	0	0	356	518	
4	0	0	0	0	374	517	
5	0	0	0	0	399	517	
6	0	0	0	0	425	517	
7	0	0	0	0	454	517	
8	0	0	0	0	481	517	
9	0	0	0	0	504	516	
10	0	0	0	0	524	516	
11	0	0	0	0	540	515	
12	0	0	0	0	551	515	
13	0	0	0	0	556	515	
14	0	0	0	0	555	514	
15	0	0	0	0	550	513	
0	0	0	0	0	540	512	
1	0	0	0	0	528	511	
2	0	0	0	0	515	511	
3	0	0	0	0	501	510	
4	0	0	0	0	487	510	
5	0	0	0	0	473	509	
6	0	0	0	0	460	509	
7	0	0	0	0	446	509	
8	0	0	0	0	433	508	
9	0	0	0	0	422	508	
10	0	0	0	0	412	507	
11	0	0	0	0	406	507	
12	0	0	0	0	403	506	
13	0	0	0	0	402	505	
14	0	0	0	0	406	504	
15	0	0	0	0	411	503	
0	0	0	0	0	417	502	
1	0	0	0	0	423	500	
2	0	0	0	0	430	499	
3	0	0	0	0	438	496	
4	0	0	0	0	445	495	
5	0	0	0	0	451	493	
6	0	0	0	0	455	493	
7	0	0	0	0	458	492	
8	0	0	0	0	462	492	
9	0	0	0	0	465	492	
10	0	0	0	0	466	493	
11	0	0	0	0	467	495	
12	0	0	0	0	467	496	
13	0	0	0	0	467	497	
14	0	0	0	0	467	497	
15	0	0	0	0	467	496	
0	0	0	0	0	466	496	
1	0	0	0	0	469	496	
2	0	0	0	0	474	495	
3	0	0	0	0	489	495	
4	0	0	0	0	519	494	
5	0	0	0	0	566	494	
6	0	0	0	0	629	494	
7	0	0	0	0	703	493	
8	0	0	0	0	785	493	
9	0	0	0	0	864	493	
10	0	0	0	0	932	491	
11	0	0	0	0	945	491	
12	0	0	0	0	946	490	
13	0	0	0	0	946	490	
14	0	0	0	0	946	489	
15	0	0	0	0	946	487	
0	0	0	0	0	945	485	
1	0	0	0	0	915	485	
2	0	0	0	0	848	484	
3	0	0	0	0	775	483	
4	0	0	0	0	702	483	
5	0	0	0	0	631	483	
6	0	0	0	0	566	483	
7	0	0	0	0	509	483	
8	0	0	0	0	460	483	
9	0	0	0	0	419	483	
10	0	0	0	0	384	482	
11	0	0	0	0	356	483	
12	0	0	0	0	337	482	
13	0	0	0	0	327	483	
14	0	0	0	0	326	483	
15	0	0	0	0	332	483	
0	0	0	0	0	347	483	
1	0	0	0	0	366	483	
2	0	0	0	0	389	484	
3	0	0	0	0	417	484	
4	0	0	0	0	446	484	
5	0	0	0	0	475	484	
6	0	0	0	0	502	484	
7	0	0	0	0	523	484	
8	0	0	0	0	541	484	
9	0	0	0	0	552	483	
10	0	0	0	0	560	483	
11	0	0	0	0	563	483	
12	0	0	0	0	563	483	
13	0	0	0	0	557	483	
14	0	0	0	0	546	483	
15	0	0	0	0	532	483	
0	0	0	0	0	515	483	
1	0	0	0	0	497	483	
2	0	0	0	0	481	483	
3	0	0	0	0	464	483	
4	0	0	0	0	449	483	
5	0	0	0	0	435	483	
6	0	0	0	0	424	483	
7	0	0	0	0	417	483	
8	0	0	0	0	412	482	
9	0	0	0	0	410	482	
10	0	0	0	0	411	482	
11	0	0	0	0	413	482	
12	0	0	0	0	416	481	
13	0	0	0	0	420	480	
14	0	0	0	0	425	479	
15	0	0	0	0	432	478	
0	0	0	0	0	437	477	
1	0	0	0	0	441	477	
2	0	0	0	0	446	477	
3	0	0	0	0	450	477	
4	0	0	0	0	454	478	
5	0	0	0	0	454	480	
6	0	0	0	0	456	483	
7	0	0	0	0	458	485	
8	0	0	0	0	459	486	
9	0	0	0	0	460	487	
10	0	0	0	0	461	487	
11	0	0	0	0	462	487	
12	0	0	0	0	465	487	
13	0	0	0	0	474	487	
14	0	0	0	0	493	487	
15	0	0	0	0	527	487	
0	0	0	0	0	579	487	
1	0	0	0	0	647	487	
2	0	0	0	0	727	487	
3	0	0	0	0	812	487	
4	0	0	0	0	894	487	
5	0	0	0	0	946	487	
6	0	0	0	0	946	486	
7	0	0	0	0	946	486	
8	0	0	0	0	946	486	
9	0	0	0	0	946	486	
10	0	0	0	0	946	485	
11	0	0	0	0	946	486	
12	0	0	0	0	946	483	
13	0	0	0	0	882	483	
14	0	0	0	0	803	482	
15	0	0	0	0	725	482	
0	0	0	0	0	650	483	
1	0	0	0	0	579	483	
2	0	0	0	0	518	483	
3	0	0	0	0	466	483	
4	0	0	0	0	423	483	
5	0	0	0	0	389	482	
6	0	0	0	0	363	482	
7	0	0	0	0	345	483	
8	0	0	0	0	335	483	
9	0	0	0	0	332	483	
10	0	0	0	0	338	483	
11	0	0	0	0	350	483	
12	0	0	0	0	367	484	
13	0	0	0	0	386	484	
14	0	0	0	0	409	483	
15	0	0	0	0	435	483	
0	0	0	0	0	460	483	
1	0	0	0	0	484	483	
2	0	0	0	0	505	483	
3	0	0	0	0	524	482	
4	0	0	0	0	537	482	
5	0	0	0	0	547	482	
6	0	0	0	0	551	482	
7	0	0	0	0	550	481	
8	0	0	0	0	546	481	
9	0	0	0	0	536	481	
10	0	0	0	0	524	481	
11	0	0	0	0	511	480	
12	0	0	0	0	496	480	
13	0	0	0	0	481	480	
14	0	0	0	0	465	480	
15	0	0	0	0	452	480	
0	0	0	0	0	440	480	
1	0	0	0	0	428	479	
2	0	0	0	0	419	479	
3	0	0	0	0	413	479	
4	0	0	0	0	409	478	
5	0	0	0	0	407	478	
6	0	0	0	0	406	477	
7	0	0	0	0	406	476	
8	0	0	0	0	411	475	
9	0	0	0	0	414	474	
10	0	0	0	0	419	474	
11	0	0	0	0	423	474	
12	0	0	0	0	427	473	
13	0	0	0	0	430	474	
14	0	0	0	0	433	476	
15	0	0	0	0	439	478	
0	0	0	0	0	444	480	
1	0	0	0	0	448	482	
2	0	0	0	0	450	483	
3	0	0	0	0	451	483	
4	0	0	0	0	453	482	
5	0	0	0	0	455	482	
6	0	0	0	0	462	482	
7	0	0	0	0	478	481	
8	0	0	0	0	511	481	
9	0	0	0	0	562	481	
10	0	0	0	0	632	481	
11	0	0	0	0	713	481	
12	0	0	0	0	800	480	
13	0	0	0	0	883	480	
14	0	0	0	0	945	479	
15	0	0	0	0	946	478	
0	0	0	0	0	946	477	
1	0	0	0	0	946	476	
2	0	0	0	0	946	477	
3	0	0	0	0	946	476	
4	0	0	0	0	946	476	
5	0	0	0	0	946	475	
6	0	0	0	0	884	474	
7	0	0	0	0	805	474	
8	0	0	0	0	723	473	
9	0	0	0	0	645	473	
10	0	0	0	0	572	474	
11	0	0	0	0	508	474	
12	0	0	0	0	452	474	
13	0	0	0	0	406	474	
14	0	0	0	0	369	473	
15	0	0	0	0	342	474	
0	0	0	0	0	323	474	
1	0	0	0	0	311	474	
2	0	0	0	0	307	474	
3	0	0	0	0	310	474	
4	0	0	0	0	320	474	
5	0	0	0	0	336	475	
6	0	0	0	0	358	475	
7	0	0	0	0	382	475	
8	0	0	0	0	409	475	
9	0	0	0	0	437	475	
10	0	0	0	0	464	475	
11	0	0	0	0	489	475	
12	0	0	0	0	511	475	
13	0	0	0	0	527	475	
14	0	0	0	0	540	475	
15	0	0	0	0	548	475	
0	0	0	0	0	551	475	
1	0	0	0	0	546	475	
2	0	0	0	0	536	475	
3	0	0	0	0	524	475	
4	0	0	0	0	509	475	
5	0	0	0	0	492	475	
6	0	0	0	0	473	475	
7	0	0	0	0	455	475	
8	0	0	0	0	440	475	
9	0	0	0	0	425	475	
10	0	0	0	0	414	475	
11	0	0	0	0	405	474	
12	0	0	0	0	397	474	
13	0	0	0	0	392	474	
14	0	0	0	0	389	473	
15	0	0	0	0	390	472	
0	0	0	0	0	391	472	
1	0	0	0	0	393	470	
2	0	0	0	0	397	470	
3	0	0	0	0	400	470	
4	0	0	0	0	405	469	
5	0	0	0	0	410	469	
6	0	0	0	0	415	470	
7	0	0	0	0	421	471	
8	0	0	0	0	426	473	
9	0	0	0	0	428	476	
10	0	0	0	0	432	477	
11	0	0	0	0	433	478	
12	0	0	0	0	434	477	
13	0	0	0	0	436	476	
14	0	0	0	0	439	475	
15	0	0	0	0	446	474	
0	0	0	0	0	466	473	
1	0	0	0	0	503	473	
2	0	0	0	0	558	472	
3	0	0	0	0	630	471	
4	0	0	0	0	716	470	
5	0	0	0	0	806	469	
6	0	0	0	0	893	468	
7	0	0	0	0	946	467	
8	0	0	0	0	946	466	
9	0	0	0	0	946	464	
10	0	0	0	0	946	464	
11	0	0	0	0	946	463	
12	0	0	0	0	946	462	
13	0	0	0	0	946	462	
14	0	0	0	0	944	460	
15	0	0	0	0	864	458	
0	0	0	0	0	782	458	
1	0	0	0	0	697	457	
2	0	0	0	0	617	456	
3	0	0	0	0	545	456	
4	0	0	0	0	481	456	
5	0	0	0	0	426	456	
6	0	0	0	0	380	455	
7	0	0	0	0	342	455	
8	0	0	0	0	314	455	
9	0	0	0	0	296	454	
10	0	0	0	0	287	454	
11	0	0	0	0	284	454	
12	0	0	0	0	290	454	
13	0	0	0	0	302	453	
14	0	0	0	0	320	453	
15	0	0	0	0	343	452	
0	0	0	0	0	370	452	
1	0	0	0	0	398	452	
2	0	0	0	0	425	451	
3	0	0	0	0	451	450	
4	0	0	0	0	476	450	
5	0	0	0	0	497	449	
6	0	0	0	0	513	449	
7	0	0	0	0	525	448	
8	0	0	0	0	532	448	
9	0	0	0	0	533	447	
10	0	0	0	0	529	446	
11	0	0	0	0	521	446	
12	0	0	0	0	510	445	
13	0	0	0	0	495	444	
14	0	0	0	0	479	444	
15	0	0	0	0	462	444	
0	0	0	0	0	446	443	
1	0	0	0	0	432	442	
2	0	0	0	0	420	441	
3	0	0	0	0	409	441	
4	0	0	0	0	400	440	
5	0	0	0	0	393	439	
6	0	0	0	0	387	438	
7	0	0	0	0	384	436	
8	0	0	0	0	382	435	
9	0	0	0	0	381	432	
10	0	0	0	0	383	431	
11	0	0	0	0	386	429	
12	0	0	0	0	390	427	
13	0	0	0	0	395	426	
14	0	0	0	0	398	425	
15	0	0	0	0	402	425	
0	0	0	0	0	406	425	
1	0	0	0	0	410	426	
2	0	0	0	0	415	427	
3	0	0	0	0	419	427	
4	0	0	0	0	424	426	
5	0	0	0	0	428	424	
6	0	0	0	0	432	422	
7	0	0	0	0	437	421	
8	0	0	0	0	448	420	
9	0	0	0	0	470	419	
10	0	0	0	0	510	418	
11	0	0	0	0	570	416	
12	0	0	0	0	648	415	
13	0	0	0	0	737	414	
14	0	0	0	0	826	413	
15	0	0	0	0	910	411	
0	0	0	0	0	946	409	
1	0	0	0	0	946	408	
2	0	0	0	0	946	405	
3	0	0	0	0	946	406	
4	0	0	0	0	946	404	
5	0	0	0	0	946	404	
6	0	0	0	0	946	403	
7	0	0	0	0	932	401	
8	0	0	0	0	852	401	
9	0	0	0	0	767	401	
10	0	0	0	0	680	399	
11	0	0	0	0	598	400	
12	0	0	0	0	524	400	
13	0	0	0	0	460	400	
14	0	0	0	0	406	400	
15	0	0	0	0	361	400	
0	0	0	0	0	327	400	
1	0	0	0	0	301	401	
2	0	0	0	0	285	400	
3	0	0	0	0	277	401	
4	0	0	0	0	277	402	
5	0	0	0	0	284	402	
6	0	0	0	0	296	403	
7	0	0	0	0	315	403	
8	0	0	0	0	341	403	
9	0	0	0	0	370	404	
10	0	0	0	0	402	404	
11	0	0	0	0	433	404	
12	0	0	0	0	461	403	
13	0	0	0	0	486	403	
14	0	0	0	0	506	403	
15	0	0	0	0	522	403	
0	0	0	0	0	532	403	
1	0	0	0	0	537	402	
2	0	0	0	0	537	401	
3	0	0	0	0	532	400	
4	0	0	0	0	524	400	
5	0	0	0	0	511	400	
6	0	0	0	0	496	400	
7	0	0	0	0	480	399	
8	0	0	0	0	462	399	
9	0	0	0	0	446	399	
10	0	0	0	0	431	399	
11	0	0	0	0	418	399	
12	0	0	0	0	406	398	
13	0	0	0	0	396	398	
14	0	0	0	0	390	398	
15	0	0	0	0	386	398	
0	0	0	0	0	386	397	
1	0	0	0	0	387	397	
2	0	0	0	0	387	397	
3	0	0	0	0	390	397	
4	0	0	0	0	393	397	
5	0	0	0	0	397	398	
6	0	0	0	0	401	399	
7	0	0	0	0	405	400	
8	0	0	0	0	407	402	
9	0	0	0	0	409	405	
10	0	0	0	0	410	408	
11	0	0	0	0	411	410	
12	0	0	0	0	412	411	
13	0	0	0	0	414	412	
14	0	0	0	0	417	412	
15	0	0	0	0	423	412	
0	0	0	0	0	437	413	
1	0	0	0	0	462	414	
2	0	0	0	0	502	414	
3	0	0	0	0	563	415	
4	0	0	0	0	639	416	
5	0	0	0	0	725	416	
6	0	0	0	0	813	416	
7	0	0	0	0	894	416	
8	0	0	0	0	946	416	
9	0	0	0	0	946	416	
10	0	0	0	0	946	417	
11	0	0	0	0	946	416	
12	0	0	0	0	946	417	
13	0	0	0	0	946	418	
14	0	0	0	0	946	418	
15	0	0	0	0	884	418	
0	0	0	0	0	806	420	
1	0	0	0	0	723	420	
2	0	0	0	0	642	420	
3	0	0	0	0	566	421	
4	0	0	0	0	498	423	
5	0	0	0	0	438	423	
6	0	0	0	0	388	424	
7	0	0	0	0	348	425	
8	0	0	0	0	318	426	
9	0	0	0	0	296	427	
10	0	0	0	0	284	428	
11	0	0	0	0	281	428	
12	0	0	0	0	286	430	
13	0	0	0	0	296	431	
14	0	0	0	0	312	432	
15	0	0	0	0	334	433	
0	0	0	0	0	359	434	
1	0	0	0	0	385	435	
2	0	0	0	0	413	435	
3	0	0	0	0	441	436	
4	0	0	0	0	464	437	
5	0	0	0	0	486	437	
6	0	0	0	0	504	438	
7	0	0	0	0	518	439	
8	0	0	0	0	525	439	
9	0	0	0	0	528	440	
10	0	0	0	0	526	440	
11	0	0	0	0	519	440	
12	0	0	0	0	509	441	
13	0	0	0	0	495	441	
14	0	0	0	0	483	442	
15	0	0	0	0	468	443	
0	0	0	0	0	455	443	
1	0	0	0	0	439	443	
2	0	0	0	0	425	443	
3	0	0	0	0	414	444	
4	0	0	0	0	404	444	
5	0	0	0	0	397	444	
6	0	0	0	0	390	444	
7	0	0	0	0	386	444	
8	0	0	0	0	383	444	
9	0	0	0	0	382	445	
10	0	0	0	0	383	445	
11	0	0	0	0	385	445	
12	0	0	0	0	390	446	
13	0	0	0	0	395	446	
14	0	0	0	0	399	448	
15	0	0	0	0	403	449	
0	0	0	0	0	407	451	
1	0	0	0	0	410	454	
2	0	0	0	0	413	455	
3	0	0	0	0	416	456	
4	0	0	0	0	418	456	
5	0	0	0	0	419	456	
6	0	0	0	0	424	456	
7	0	0	0	0	431	456	
8	0	0	0	0	448	456	
9	0	0	0	0	481	456	
10	0	0	0	0	532	456	
11	0	0	0	0	602	457	
12	0	0	0	0	684	456	
13	0	0	0	0	769	456	
14	0	0	0	0	851	456	
15	0	0	0	0	918	454	
0	0	0	0	0	946	455	
1	0	0	0	0	946	454	
2	0	0	0	0	946	453	
3	0	0	0	0	946	454	
4	0	0	0	0	946	453	
5	0	0	0	0	910	452	
6	0	0	0	0	846	453	
7	0	0	0	0	774	452	
8	0	0	0	0	699	452	
9	0	0	0	0	624	451	
10	0	0	0	0	556	452	
11	0	0	0	0	494	453	
12	0	0	0	0	440	454	
13	0	0	0	0	395	455	
14	0	0	0	0	360	455	
15	0	0	0	0	332	456	
0	0	0	0	0	312	457	
1	0	0	0	0	300	457	
2	0	0	0	0	295	459	
3	0	0	0	0	299	460	
4	0	0	0	0	307	461	
5	0	0	0	0	322	463	
6	0	0	0	0	342	464	
7	0	0	0	0	366	465	
8	0	0	0	0	393	467	
9	0	0	0	0	422	468	
10	0	0	0	0	449	470	
11	0	0	0	0	474	472	
12	0	0	0	0	496	474	
13	0	0	0	0	514	476	
14	0	0	0	0	527	478	
15	0	0	0	0	534	480	
0	0	0	0	0	536	482	
1	0	0	0	0	530	483	
2	0	0	0	0	521	485	
3	0	0	0	0	511	487	
4	0	0	0	0	498	488	
5	0	0	0	0	484	489	
6	0	0	0	0	472	490	
7	0	0	0	0	458	491	
8	0	0	0	0	445	492	
9	0	0	0	0	433	493	
10	0	0	0	0	423	494	
11	0	0	0	0	415	495	
12	0	0	0	0	408	496	
13	0	0	0	0	403	496	
14	0	0	0	0	399	497	
15	0	0	0	0	399	497	
0	0	0	0	0	399	498	
1	0	0	0	0	399	499	
2	0	0	0	0	401	499	
3	0	0	0	0	402	501	
4	0	0	0	0	403	503	
5	0	0	0	0	403	505	
6	0	0	0	0	406	508	
7	0	0	0	0	407	510	
8	0	0	0	0	409	513	
9	0	0	0	0	410	513	
10	0	0	0	0	413	514	
11	0	0	0	0	417	514	
12	0	0	0	0	423	514	
13	0	0	0	0	435	514	
14	0	0	0	0	460	515	
15	0	0	0	0	500	516	
0	0	0	0	0	560	516	
1	0	0	0	0	635	517	
2	0	0	0	0	721	517	
3	0	0	0	0	810	518	
4	0	0	0	0	892	518	
5	0	0	0	0	946	518	
6	0	0	0	0	946	519	
7	0	0	0	0	946	520	
8	0	0	0	0	946	521	
9	0	0	0	0	946	521	
10	0	0	0	0	946	523	
11	0	0	0	0	945	524	
12	0	0	0	0	874	526	
13	0	0	0	0	794	527	
14	0	0	0	0	710	528	
15	0	0	0	0	628	530	
0	0	0	0	0	551	532	
1	0	0	0	0	481	534	
2	0	0	0	0	420	536	
3	0	0	0	0	368	537	
4	0	0	0	0	328	539	
5	0	0	0	0	299	540	
6	0	0	0	0	279	541	
7	0	0	0	0	270	542	
8	0	0	0	0	270	544	
9	0	0	0	0	278	546	
10	0	0	0	0	295	547	
11	0	0	0	0	319	549	
12	0	0	0	0	347	550	
13	0	0	0	0	379	551	
14	0	0	0	0	413	552	
15	0	0	0	0	446	552	
0	0	0	0	0	477	553	
1	0	0	0	0	503	554	
2	0	0	0	0	526	554	
3	0	0	0	0	542	555	
4	0	0	0	0	551	556	
5	0	0	0	0	553	556	
6	0	0	0	0	549	557	
7	0	0	0	0	540	557	
8	0	0	0	0	529	558	
9	0	0	0	0	517	557	
10	0	0	0	0	502	557	
11	0	0	0	0	487	557	
12	0	0	0	0	473	557	
13	0	0	0	0	460	557	
14	0	0	0	0	448	556	
15	0	0	0	0	437	556	
0	0	0	0	0	429	555	
1	0	0	0	0	422	554	
2	0	0	0	0	418	553	
3	0	0	0	0	415	551	
4	0	0	0	0	415	551	
5	0	0	0	0	414	551	
6	0	0	0	0	413	551	
7	0	0	0	0	413	551	
8	0	0	0	0	413	552	
9	0	0	0	0	414	553	
10	0	0	0	0	416	554	
11	0	0	0	0	419	556	
12	0	0	0	0	423	557	
13	0	0	0	0	427	557	
14	0	0	0	0	432	556	
15	0	0	0	0	437	555	
0	0	0	0	0	445	555	
1	0	0	0	0	460	555	
2	0	0	0	0	487	554	
3	0	0	0	0	530	553	
4	0	0	0	0	591	553	
5	0	0	0	0	665	552	
6	0	0	0	0	747	551	
7	0	0	0	0	830	550	
8	0	0	0	0	903	549	
9	0	0	0	0	946	548	
10	0	0	0	0	946	547	
11	0	0	0	0	946	545	
12	0	0	0	0	946	545	
13	0	0	0	0	946	543	
14	0	0	0	0	944	542	
15	0	0	0	0	880	541	
0	0	0	0	0	809	540	
1	0	0	0	0	732	538	
2	0	0	0	0	654	538	
3	0	0	0	0	579	537	
4	0	0	0	0	513	537	
5	0	0	0	0	455	537	
6	0	0	0	0	405	536	
7	0	0	0	0	364	535	
8	0	0	0	0	331	534	
9	0	0	0	0	306	533	
10	0	0	0	0	292	532	
11	0	0	0	0	287	531	
12	0	0	0	0	288	531	
13	0	0	0	0	299	530	
14	0	0	0	0	318	530	
15	0	0	0	0	343	529	
0	0	0	0	0	373	529	
1	0	0	0	0	404	528	
2	0	0	0	0	437	527	
3	0	0	0	0	468	526	
4	0	0	0	0	496	525	
5	0	0	0	0	519	524	
6	0	0	0	0	536	523	
7	0	0	0	0	547	523	
8	0	0	0	0	553	522	
9	0	0	0	0	552	521	
10	0	0	0	0	547	520	
11	0	0	0	0	536	519	
12	0	0	0	0	523	519	
13	0	0	0	0	509	518	
14	0	0	0	0	494	517	
15	0	0	0	0	477	517	
0	0	0	0	0	461	515	
1	0	0	0	0	446	515	
2	0	0	0	0	432	513	
3	0	0	0	0	419	512	
4	0	0	0	0	410	510	
5	0	0	0	0	403	508	
6	0	0	0	0	401	507	
7	0	0	0	0	401	506	
8	0	0	0	0	402	505	
9	0	0	0	0	403	505	
10	0	0	0	0	404	505	
11	0	0	0	0	406	507	
12	0	0	0	0	408	509	
13	0	0	0	0	410	511	
14	0	0	0	0	413	512	
15	0	0	0	0	416	512	
0	0	0	0	0	421	512	
1	0	0	0	0	424	512	
2	0	0	0	0	430	512	
3	0	0	0	0	443	512	
4	0	0	0	0	466	512	
5	0	0	0	0	505	512	
6	0	0	0	0	560	512	
7	0	0	0	0	631	512	
8	0	0	0	0	711	511	
9	0	0	0	0	791	512	
10	0	0	0	0	864	511	
11	0	0	0	0	923	511	
12	0	0	0	0	946	510	
13	0	0	0	0	946	510	
14	0	0	0	0	946	508	
15	0	0	0	0	946	508	
0	0	0	0	0	920	508	
1	0	0	0	0	865	506	
2	0	0	0	0	799	504	
3	0	0	0	0	729	504	
4	0	0	0	0	660	504	
5	0	0	0	0	594	503	
6	0	0	0	0	532	503	
7	0	0	0	0	478	503	
8	0	0	0	0	432	503	
9	0	0	0	0	393	502	
10	0	0	0	0	360	501	
11	0	0	0	0	334	501	
12	0	0	0	0	316	501	
13	0	0	0	0	304	500	
14	0	0	0	0	301	500	
15	0	0	0	0	306	500	
0	0	0	0	0	320	500	
1	0	0	0	0	338	500	
2	0	0	0	0	360	499	
3	0	0	0	0	389	499	
4	0	0	0	0	418	498	
5	0	0	0	0	447	498	
6	0	0	0	0	473	497	
7	0	0	0	0	496	497	
8	0	0	0	0	514	497	
9	0	0	0	0	527	497	
10	0	0	0	0	533	496	
11	0	0	0	0	536	496	
12	0	0	0	0	533	495	
13	0	0	0	0	527	494	
14	0	0	0	0	516	493	
15	0	0	0	0	504	492	
0	0	0	0	0	490	491	
1	0	0	0	0	475	491	
2	0	0	0	0	462	490	
3	0	0	0	0	447	489	
4	0	0	0	0	434	487	
5	0	0	0	0	421	485	
6	0	0	0	0	411	483	
7	0	0	0	0	403	482	
8	0	0	0	0	398	480	
9	0	0	0	0	395	480	
10	0	0	0	0	393	479	
11	0	0	0	0	393	479	
12	0	0	0	0	394	480	
13	0	0	0	0	397	481	
14	0	0	0	0	400	483	
15	0	0	0	0	405	485	
0	0	0	0	0	409	485	
1	0	0	0	0	414	486	
2	0	0	0	0	419	486	
3	0	0	0	0	426	486	
4	0	0	0	0	436	486	
5	0	0	0	0	455	486	
6	0	0	0	0	491	486	
7	0	0	0	0	544	486	
8	0	0	0	0	614	487	
9	0	0	0	0	693	487	
10	0	0	0	0	775	487	
11	0	0	0	0	851	487	
12	0	0	0	0	915	487	
13	0	0	0	0	946	486	
14	0	0	0	0	946	486	
15	0	0	0	0	946	485	
0	0	0	0	0	946	486	
1	0	0	0	0	945	485	
2	0	0	0	0	894	484	
3	0	0	0	0	830	483	
4	0	0	0	0	759	483	
5	0	0	0	0	685	483	
6	0	0	0	0	613	483	
7	0	0	0	0	548	483	
8	0	0	0	0	491	483	
9	0	0	0	0	441	483	
10	0	0	0	0	401	483	
11	0	0	0	0	368	483	
12	0	0	0	0	340	483	
13	0	0	0	0	321	483	
14	0	0	0	0	308	482	
15	0	0	0	0	303	482	
0	0	0	0	0	305	482	
1	0	0	0	0	313	483	
2	0	0	0	0	327	482	
3	0	0	0	0	348	482	
4	0	0	0	0	373	482	
5	0	0	0	0	398	481	
6	0	0	0	0	424	481	
7	0	0	0	0	449	480	
8	0	0	0	0	472	480	
9	0	0	0	0	491	479	
10	0	0	0	0	506	479	
11	0	0	0	0	515	478	
12	0	0	0	0	520	478	
13	0	0	0	0	519	477	
14	0	0	0	0	514	477	
15	0	0	0	0	504	476	
0	0	0	0	0	492	476	
1	0	0	0	0	480	475	
2	0	0	0	0	466	475	
3	0	0	0	0	453	474	
4	0	0	0	0	439	473	
5	0	0	0	0	428	473	
6	0	0	0	0	418	471	
7	0	0	0	0	407	470	
8	0	0	0	0	399	468	
9	0	0	0	0	393	468	
10	0	0	0	0	388	467	
11	0	0	0	0	384	466	
12	0	0	0	0	383	465	
13	0	0	0	0	384	465	
14	0	0	0	0	385	465	
15	0	0	0	0	388	467	
0	0	0	0	0	393	470	
1	0	0	0	0	398	471	
2	0	0	0	0	402	472	
3	0	0	0	0	408	472	
4	0	0	0	0	414	473	
5	0	0	0	0	422	473	
6	0	0	0	0	436	473	
7	0	0	0	0	460	473	
8	0	0	0	0	499	473	
9	0	0	0	0	554	473	
10	0	0	0	0	624	472	
11	0	0	0	0	704	472	
12	0	0	0	0	785	472	
13	0	0	0	0	857	472	
14	0	0	0	0	917	471	
15	0	0	0	0	946	471	
0	0	0	0	0	946	470	
1	0	0	0	0	946	470	
2	0	0	0	0	946	469	
3	0	0	0	0	904	468	
4	0	0	0	0	847	468	
5	0	0	0	0	779	467	
6	0	0	0	0	707	466	
7	0	0	0	0	636	465	
8	0	0	0	0	568	465	
9	0	0	0	0	507	465	
10	0	0	0	0	452	465	
11	0	0	0	0	408	465	
12	0	0	0	0	372	465	
13	0	0	0	0	343	465	
14	0	0	0	0	319	466	
15	0	0	0	0	303	465	
0	0	0	0	0	294	465	
1	0	0	0	0	289	465	
2	0	0	0	0	292	465	
3	0	0	0	0	300	465	
4	0	0	0	0	313	466	
5	0	0	0	0	331	467	
6	0	0	0	0	352	467	
7	0	0	0	0	376	467	
8	0	0	0	0	401	468	
9	0	0	0	0	424	467	
10	0	0	0	0	447	468	
11	0	0	0	0	465	468	
12	0	0	0	0	479	468	
13	0	0	0	0	489	468	
14	0	0	0	0	493	469	
15	0	0	0	0	492	469	
0	0	0	0	0	486	469	
1	0	0	0	0	478	469	
2	0	0	0	0	467	470	
3	0	0	0	0	455	470	
4	0	0	0	0	444	470	
5	0	0	0	0	432	471	
6	0	0	0	0	421	471	
7	0	0	0	0	412	471	
8	0	0	0	0	404	472	
9	0	0	0	0	395	472	
10	0	0	0	0	388	472	
11	0	0	0	0	385	472	
12	0	0	0	0	382	472	
13	0	0	0	0	381	471	
14	0	0	0	0	381	471	
15	0	0	0	0	383	471	
0	0	0	0	0	387	471	
1	0	0	0	0	390	471	
2	0	0	0	0	391	471	
3	0	0	0	0	393	471	
4	0	0	0	0	396	472	
5	0	0	0	0	399	475	
6	0	0	0	0	402	477	
7	0	0	0	0	405	481	
8	0	0	0	0	409	483	
9	0	0	0	0	412	485	
10	0	0	0	0	414	485	
11	0	0	0	0	418	486	
12	0	0	0	0	426	486	
13	0	0	0	0	444	486	
14	0	0	0	0	476	486	
15	0	0	0	0	527	486	
0	0	0	0	0	595	487	
1	0	0	0	0	675	487	
2	0	0	0	0	757	487	
3	0	0	0	0	834	487	
4	0	0	0	0	898	486	
5	0	0	0	0	940	486	
6	0	0	0	0	946	485	
7	0	0	0	0	946	486	
8	0	0	0	0	945	487	
9	0	0	0	0	904	486	
10	0	0	0	0	847	486	
11	0	0	0	0	779	486	
12	0	0	0	0	705	485	
13	0	0	0	0	632	484	
14	0	0	0	0	561	485	
15	0	0	0	0	495	485	
0	0	0	0	0	437	486	
1	0	0	0	0	388	487	
2	0	0	0	0	348	487	
3	0	0	0	0	316	487	
4	0	0	0	0	291	488	
5	0	0	0	0	273	489	
6	0	0	0	0	264	489	
7	0	0	0	0	262	489	
8	0	0	0	0	267	490	
9	0	0	0	0	277	491	
10	0	0	0	0	293	491	
11	0	0	0	0	314	492	
12	0	0	0	0	338	492	
13	0	0	0	0	363	494	
14	0	0	0	0	390	493	
15	0	0	0	0	414	493	
0	0	0	0	0	438	493	
1	0	0	0	0	455	494	
2	0	0	0	0	468	494	
3	0	0	0	0	477	494	
4	0	0	0	0	481	494	
5	0	0	0	0	480	494	
6	0	0	0	0	475	494	
7	0	0	0	0	467	494	
8	0	0	0	0	457	494	
9	0	0	0	0	444	494	
10	0	0	0	0	431	494	
11	0	0	0	0	416	493	
12	0	0	0	0	403	493	
13	0	0	0	0	390	493	
14	0	0	0	0	378	494	
15	0	0	0	0	366	494	
0	0	0	0	0	357	494	
1	0	0	0	0	350	494	
2	0	0	0	0	347	493	
3	0	0	0	0	344	493	
4	0	0	0	0	345	494	
5	0	0	0	0	347	493	
6	0	0	0	0	348	493	
7	0	0	0	0	353	493	
8	0	0	0	0	357	493	
9	0	0	0	0	362	492	
10	0	0	0	0	367	491	
11	0	0	0	0	372	490	
12	0	0	0	0	377	489	
13	0	0	0	0	383	488	
14	0	0	0	0	387	487	
15	0	0	0	0	392	487	
0	0	0	0	0	395	487	
1	0	0	0	0	396	487	
2	0	0	0	0	396	489	
3	0	0	0	0	397	491	
4	0	0	0	0	395	493	
5	0	0	0	0	393	495	
6	0	0	0	0	392	495	
7	0	0	0	0	391	495	
8	0	0	0	0	390	494	
9	0	0	0	0	392	493	
10	0	0	0	0	401	492	
11	0	0	0	0	423	491	
12	0	0	0	0	461	490	
13	0	0	0	0	515	489	
14	0	0	0	0	582	488	
15	0	0	0	0	655	487	
0	0	0	0	0	728	486	
1	0	0	0	0	792	484	
2	0	0	0	0	843	483	
3	0	0	0	0	875	480	
4	0	0	0	0	885	480	
5	0	0	0	0	874	479	
6	0	0	0	0	844	478	
7	0	0	0	0	797	477	
8	0	0	0	0	739	475	
9	0	0	0	0	675	474	
10	0	0	0	0	607	472	
11	0	0	0	0	541	471	
12	0	0	0	0	481	469	
13	0	0	0	0	427	468	
14	0	0	0	0	381	467	
15	0	0	0	0	343	466	
0	0	0	0	0	314	465	
1	0	0	0	0	293	463	
2	0	0	0	0	277	462	
3	0	0	0	0	270	461	
4	0	0	0	0	266	460	
5	0	0	0	0	267	458	
6	0	0	0	0	273	457	
7	0	0	0	0	285	455	
8	0	0	0	0	301	455	
9	0	0	0	0	319	454	
10	0	0	0	0	340	452	
11	0	0	0	0	363	451	
12	0	0	0	0	387	450	
13	0	0	0	0	407	449	
14	0	0	0	0	426	448	
15	0	0	0	0	440	447	
0	0	0	0	0	451	446	
1	0	0	0	0	456	445	
2	0	0	0	0	458	444	
3	0	0	0	0	456	444	
4	0	0	0	0	450	443	
5	0	0	0	0	441	443	
6	0	0	0	0	430	441	
7	0	0	0	0	418	441	
8	0	0	0	0	407	440	
9	0	0	0	0	393	440	
10	0	0	0	0	382	440	
11	0	0	0	0	371	440	
12	0	0	0	0	362	440	
13	0	0	0	0	354	440	
14	0	0	0	0	347	440	
15	0	0	0	0	343	440	
0	0	0	0	0	339	440	
1	0	0	0	0	336	440	
2	0	0	0	0	335	440	
3	0	0	0	0	335	439	
4	0	0	0	0	337	440	
5	0	0	0	0	339	440	
6	0	0	0	0	340	440	
7	0	0	0	0	342	440	
8	0	0	0	0	344	440	
9	0	0	0	0	347	440	
10	0	0	0	0	352	440	
11	0	0	0	0	357	439	
12	0	0	0	0	362	439	
13	0	0	0	0	366	440	
14	0	0	0	0	369	440	
15	0	0	0	0	371	441	
0	0	0	0	0	371	443	
1	0	0	0	0	372	444	
2	0	0	0	0	371	446	
3	0	0	0	0	369	449	
4	0	0	0	0	370	450	
5	0	0	0	0	368	451	
6	0	0	0	0	365	451	
7	0	0	0	0	364	451	
8	0	0	0	0	365	450	
9	0	0	0	0	370	450	
10	0	0	0	0	382	450	
11	0	0	0	0	403	450	
12	0	0	0	0	437	450	
13	0	0	0	0	482	449	
14	0	0	0	0	534	449	
15	0	0	0	0	589	449	
0	0	0	0	0	644	448	
1	0	0	0	0	688	448	
2	0	0	0	0	722	447	
3	0	0	0	0	741	447	
4	0	0	0	0	747	446	
5	0	0	0	0	737	446	
6	0	0	0	0	716	447	
7	0	0	0	0	685	446	
8	0	0	0	0	646	446	
9	0	0	0	0	602	446	
10	0	0	0	0	559	445	
11	0	0	0	0	515	444	
12	0	0	0	0	474	445	
13	0	0	0	0	435	446	
14	0	0	0	0	402	446	
15	0	0	0	0	374	447	
0	0	0	0	0	350	447	
1	0	0	0	0	332	448	
2	0	0	0	0	320	448	
3	0	0	0	0	311	449	
4	0	0	0	0	307	450	
5	0	0	0	0	307	450	
6	0	0	0	0	309	451	
7	0	0	0	0	316	452	
8	0	0	0	0	326	453	
9	0	0	0	0	339	454	
10	0	0	0	0	353	455	
11	0	0	0	0	366	455	
12	0	0	0	0	381	455	
13	0	0	0	0	394	456	
14	0	0	0	0	407	456	
15	0	0	0	0	416	457	
0	0	0	0	0	426	457	
1	0	0	0	0	431	457	
2	0	0	0	0	436	458	
3	0	0	0	0	438	458	
4	0	0	0	0	437	459	
5	0	0	0	0	435	459	
6	0	0	0	0	431	459	
7	0	0	0	0	425	459	
8	0	0	0	0	419	460	
9	0	0	0	0	411	460	
10	0	0	0	0	404	460	
11	0	0	0	0	396	461	
12	0	0	0	0	389	462	
13	0	0	0	0	384	462	
14	0	0	0	0	378	463	
15	0	0	0	0	374	463	
0	0	0	0	0	371	464	
1	0	0	0	0	369	465	
2	0	0	0	0	370	466	
3	0	0	0	0	370	467	
4	0	0	0	0	371	467	
5	0	0	0	0	373	468	
6	0	0	0	0	376	469	
7	0	0	0	0	377	469	
8	0	0	0	0	380	470	
9	0	0	0	0	383	472	
10	0	0	0	0	387	472	
11	0	0	0	0	392	475	
12	0	0	0	0	395	476	
13	0	0	0	0	399	478	
14	0	0	0	0	402	481	
15	0	0	0	0	406	484	
0	0	0	0	0	409	487	
1	0	0	0	0	410	489	
2	0	0	0	0	412	491	
3	0	0	0	0	414	492	
4	0	0	0	0	415	492	
5	0	0	0	0	415	492	
6	0	0	0	0	417	494	
7	0	0	0	0	423	494	
8	0	0	0	0	434	496	
9	0	0	0	0	451	496	
10	0	0	0	0	476	497	
11	0	0	0	0	508	497	
12	0	0	0	0	542	497	
13	0	0	0	0	578	497	
14	0	0	0	0	613	497	
15	0	0	0	0	642	497	
0	0	0	0	0	665	497	
1	0	0	0	0	678	498	
2	0	0	0	0	681	498	
3	0	0	0	0	674	498	
4	0	0	0	0	658	499	
5	0	0	0	0	636	499	
6	0	0	0	0	608	499	
7	0	0	0	0	577	500	
8	0	0	0	0	546	500	
9	0	0	0	0	516	502	
10	0	0	0	0	488	504	
11	0	0	0	0	463	505	
12	0	0	0	0	442	507	
13	0	0	0	0	424	508	
14	0	0	0	0	410	509	
15	0	0	0	0	399	510	
0	0	0	0	0	391	511	
1	0	0	0	0	385	512	
2	0	0	0	0	383	513	
3	0	0	0	0	383	515	
4	0	0	0	0	388	516	
5	0	0	0	0	393	518	
6	0	0	0	0	402	519	
7	0	0	0	0	411	520	
8	0	0	0	0	422	522	
9	0	0	0	0	431	523	
10	0	0	0	0	441	524	
11	0	0	0	0	449	526	
12	0	0	0	0	457	527	
13	0	0	0	0	463	527	
14	0	0	0	0	467	529	
15	0	0	0	0	471	530	
0	0	0	0	0	472	531	
1	0	0	0	0	473	532	
2	0	0	0	0	473	533	
3	0	0	0	0	470	534	
4	0	0	0	0	465	536	
5	0	0	0	0	460	536	
6	0	0	0	0	455	537	
7	0	0	0	0	450	538	
8	0	0	0	0	445	539	
9	0	0	0	0	440	540	
10	0	0	0	0	437	540	
11	0	0	0	0	436	541	
12	0	0	0	0	433	542	
13	0	0	0	0	432	543	
14	0	0	0	0	431	542	
15	0	0	0	0	431	543	
0	0	0	0	0	431	542	
1	0	0	0	0	431	542	
2	0	0	0	0	431	542	
3	0	0	0	0	431	543	
4	0	0	0	0	432	543	
5	0	0	0	0	434	544	
6	0	0	0	0	435	546	
7	0	0	0	0	437	547	
8	0	0	0	0	438	549	
9	0	0	0	0	439	551	
10	0	0	0	0	441	553	
11	0	0	0	0	444	554	
12	0	0	0	0	446	555	
13	0	0	0	0	448	554	
14	0	0	0	0	449	554	
15	0	0	0	0	451	553	
0	0	0	0	0	457	554	
1	0	0	0	0	464	554	
2	0	0	0	0	477	554	
3	0	0	0	0	498	554	
4	0	0	0	0	527	553	
5	0	0	0	0	563	553	
6	0	0	0	0	605	552	
7	0	0	0	0	650	552	
8	0	0	0	0	695	551	
9	0	0	0	0	734	550	
10	0	0	0	0	766	550	
11	0	0	0	0	790	550	
12	0	0	0	0	802	548	
13	0	0	0	0	804	547	
14	0	0	0	0	795	546	
15	0	0	0	0	775	546	
0	0	0	0	0	750	546	
1	0	0	0	0	718	546	
2	0	0	0	0	687	546	
3	0	0	0	0	654	547	
4	0	0	0	0	620	547	
5	0	0	0	0	589	547	
6	0	0	0	0	559	546	
7	0	0	0	0	533	546	
8	0	0	0	0	510	546	
9	0	0	0	0	491	546	
10	0	0	0	0	477	547	
11	0	0	0	0	466	547	
12	0	0	0	0	461	547	
13	0	0	0	0	459	548	
14	0	0	0	0	461	548	
15	0	0	0	0	467	548	
0	0	0	0	0	476	548	
1	0	0	0	0	487	548	
2	0	0	0	0	502	548	
3	0	0	0	0	516	547	
4	0	0	0	0	530	547	
5	0	0	0	0	542	546	
6	0	0	0	0	554	545	
7	0	0	0	0	563	545	
8	0	0	0	0	570	545	
9	0	0	0	0	574	545	
10	0	0	0	0	573	544	
11	0	0	0	0	570	543	
12	0	0	0	0	563	543	
13	0	0	0	0	556	542	
14	0	0	0	0	547	541	
15	0	0	0	0	537	541	
0	0	0	0	0	525	540	
1	0	0	0	0	515	539	
2	0	0	0	0	505	538	
3	0	0	0	0	499	537	
4	0	0	0	0	492	536	
5	0	0	0	0	485	534	
6	0	0	0	0	478	532	
7	0	0	0	0	473	529	
8	0	0	0	0	470	528	
9	0	0	0	0	468	527	
10	0	0	0	0	468	526	
11	0	0	0	0	468	526	
12	0	0	0	0	470	526	
13	0	0	0	0	472	526	
14	0	0	0	0	473	528	
15	0	0	0	0	476	529	
0	0	0	0	0	477	531	
1	0	0	0	0	479	531	
2	0	0	0	0	479	530	
3	0	0	0	0	480	530	
4	0	0	0	0	481	529	
5	0	0	0	0	484	529	
6	0	0	0	0	491	529	
7	0	0	0	0	504	528	
8	0	0	0	0	525	528	
9	0	0	0	0	558	528	
10	0	0	0	0	603	527	
11	0	0	0	0	659	527	
12	0	0	0	0	724	526	
13	0	0	0	0	789	526	
14	0	0	0	0	849	524	
15	0	0	0	0	901	524	
0	0	0	0	0	936	524	
1	0	0	0	0	945	523	
2	0	0	0	0	945	521	
3	0	0	0	0	941	520	
4	0	0	0	0	910	519	
5	0	0	0	0	868	518	
6	0	0	0	0	817	517	
7	0	0	0	0	763	516	
8	0	0	0	0	708	515	
9	0	0	0	0	654	515	
10	0	0	0	0	604	514	
11	0	0	0	0	558	514	
12	0	0	0	0	518	513	
13	0	0	0	0	483	513	
14	0	0	0	0	454	512	
15	0	0	0	0	432	511	
0	0	0	0	0	415	511	
1	0	0	0	0	404	511	
2	0	0	0	0	399	510	
3	0	0	0	0	400	510	
4	0	0	0	0	406	509	
5	0	0	0	0	417	508	
6	0	0	0	0	434	508	
7	0	0	0	0	454	507	
8	0	0	0	0	475	507	
9	0	0	0	0	497	505	
10	0	0	0	0	517	505	
11	0	0	0	0	536	505	
12	0	0	0	0	551	504	
13	0	0	0	0	563	504	
14	0	0	0	0	568	504	
15	0	0	0	0	571	503	
0	0	0	0	0	568	503	
1	0	0	0	0	562	503	
2	0	0	0	0	552	502	
3	0	0	0	0	542	502	
4	0	0	0	0	529	502	
5	0	0	0	0	515	503	
6	0	0	0	0	502	502	
7	0	0	0	0	492	502	
8	0	0	0	0	482	502	
9	0	0	0	0	472	501	
10	0	0	0	0	465	500	
11	0	0	0	0	459	499	
12	0	0	0	0	454	497	
13	0	0	0	0	453	497	
14	0	0	0	0	451	496	
15	0	0	0	0	448	496	
0	0	0	0	0	448	496	
1	0	0	0	0	448	498	
2	0	0	0	0	448	500	
3	0	0	0	0	451	502	
4	0	0	0	0	455	504	
5	0	0	0	0	457	505	
6	0	0	0	0	459	506	
7	0	0	0	0	462	507	
8	0	0	0	0	465	507	
9	0	0	0	0	468	507	
10	0	0	0	0	478	507	
11	0	0	0	0	496	508	
12	0	0	0	0	525	508	
13	0	0	0	0	570	508	
14	0	0	0	0	629	509	
15	0	0	0	0	701	509	
0	0	0	0	0	779	508	
1	0	0	0	0	853	509	
2	0	0	0	0	919	507	
3	0	0	0	0	945	508	
4	0	0	0	0	945	508	
5	0	0	0	0	945	507	
6	0	0	0	0	945	506	
7	0	0	0	0	945	505	
8	0	0	0	0	945	503	
9	0	0	0	0	922	501	
10	0	0	0	0	861	500	
11	0	0	0	0	792	499	
12	0	0	0	0	723	499	
13	0	0	0	0	656	499	
14	0	0	0	0	593	498	
15	0	0	0	0	536	497	
0	0	0	0	0	489	496	
1	0	0	0	0	447	496	
2	0	0	0	0	414	495	
3	0	0	0	0	389	495	
4	0	0	0	0	372	494	
5	0	0	0	0	362	493	
6	0	0	0	0	360	492	
7	0	0	0	0	367	492	
8	0	0	0	0	380	491	
9	0	0	0	0	398	490	
10	0	0	0	0	420	489	
11	0	0	0	0	446	488	
12	0	0	0	0	472	487	
13	0	0	0	0	498	487	
14	0	0	0	0	523	486	
15	0	0	0	0	545	485	
0	0	0	0	0	563	484	
1	0	0	0	0	575	483	
2	0	0	0	0	582	483	
3	0	0	0	0	582	482	
4	0	0	0	0	579	481	
5	0	0	0	0	571	480	
6	0	0	0	0	560	480	
7	0	0	0	0	546	480	
8	0	0	0	0	532	479	
9	0	0	0	0	517	478	
10	0	0	0	0	503	478	
11	0	0	0	0	487	477	
12	0	0	0	0	474	475	
13	0	0	0	0	462	473	
14	0	0	0	0	453	471	
15	0	0	0	0	447	469	
0	0	0	0	0	442	467	
1	0	0	0	0	439	466	
2	0	0	0	0	438	464	
3	0	0	0	0	437	463	
4	0	0	0	0	438	464	
5	0	0	0	0	438	465	
6	0	0	0	0	442	467	
7	0	0	0	0	446	468	
8	0	0	0	0	450	470	
9	0	0	0	0	454	470	
10	0	0	0	0	457	471	
11	0	0	0	0	463	472	
12	0	0	0	0	468	473	
13	0	0	0	0	480	474	
14	0	0	0	0	505	475	
15	0	0	0	0	544	475	
0	0	0	0	0	601	476	
1	0	0	0	0	671	477	
2	0	0	0	0	750	478	
3	0	0	0	0	831	478	
4	0	0	0	0	903	478	
5	0	0	0	0	945	479	
6	0	0	0	0	945	478	
7	0	0	0	0	946	480	
8	0	0	0	0	946	479	
9	0	0	0	0	946	479	
10	0	0	0	0	945	480	
11	0	0	0	0	945	479	
12	0	0	0	0	885	479	
13	0	0	0	0	816	479	
14	0	0	0	0	744	478	
15	0	0	0	0	674	479	
0	0	0	0	0	607	480	
1	0	0	0	0	548	480	
2	0	0	0	0	496	480	
3	0	0	0	0	452	481	
4	0	0	0	0	416	481	
5	0	0	0	0	386	481	
6	0	0	0	0	363	481	
7	0	0	0	0	350	481	
8	0	0	0	0	343	482	
9	0	0	0	0	344	481	
10	0	0	0	0	350	482	
11	0	0	0	0	364	482	
12	0	0	0	0	384	481	
13	0	0	0	0	408	481	
14	0	0	0	0	434	480	
15	0	0	0	0	462	480	
0	0	0	0	0	490	480	
1	0	0	0	0	515	480	
2	0	0	0	0	535	479	
3	0	0	0	0	551	479	
4	0	0	0	0	561	479	
5	0	0	0	0	567	479	
6	0	0	0	0	567	479	
7	0	0	0	0	563	479	
8	0	0	0	0	554	478	
9	0	0	0	0	543	478	
10	0	0	0	0	529	478	
11	0	0	0	0	514	478	
12	0	0	0	0	500	478	
13	0	0	0	0	486	477	
14	0	0	0	0	472	477	
15	0	0	0	0	459	476	
0	0	0	0	0	449	476	
1	0	0	0	0	440	475	
2	0	0	0	0	434	474	
3	0	0	0	0	430	474	
4	0	0	0	0	427	473	
5	0	0	0	0	426	473	
6	0	0	0	0	425	473	
7	0	0	0	0	426	475	
8	0	0	0	0	428	477	
9	0	0	0	0	431	480	
10	0	0	0	0	434	482	
11	0	0	0	0	435	484	
12	0	0	0	0	437	484	
13	0	0	0	0	439	485	
14	0	0	0	0	443	486	
15	0	0	0	0	451	486	
0	0	0	0	0	470	486	
1	0	0	0	0	501	487	
2	0	0	0	0	549	487	
3	0	0	0	0	612	487	
4	0	0	0	0	688	487	
5	0	0	0	0	768	487	
6	0	0	0	0	845	486	
7	0	0	0	0	910	486	
8	0	0	0	0	946	487	
9	0	0	0	0	946	486	
10	0	0	0	0	946	486	
11	0	0	0	0	946	486	
12	0	0	0	0	946	485	
13	0	0	0	0	921	485	
14	0	0	0	0	862	484	
15	0	0	0	0	793	483	
0	0	0	0	0	721	483	
1	0	0	0	0	648	483	
2	0	0	0	0	580	483	
3	0	0	0	0	517	483	
4	0	0	0	0	461	483	
5	0	0	0	0	415	483	
6	0	0	0	0	377	484	
7	0	0	0	0	349	484	
8	0	0	0	0	328	484	
9	0	0	0	0	315	485	
10	0	0	0	0	311	485	
11	0	0	0	0	314	486	
12	0	0	0	0	325	486	
13	0	0	0	0	343	486	
14	0	0	0	0	366	487	
15	0	0	0	0	393	487	
0	0	0	0	0	422	487	
1	0	0	0	0	451	487	
2	0	0	0	0	479	488	
3	0	0	0	0	505	488	
4	0	0	0	0	528	488	
5	0	0	0	0	543	488	
6	0	0	0	0	553	488	
7	0	0	0	0	559	488	
8	0	0	0	0	558	488	
9	0	0	0	0	552	488	
10	0	0	0	0	543	489	
11	0	0	0	0	531	489	
12	0	0	0	0	519	489	
13	0	0	0	0	505	490	
14	0	0	0	0	491	490	
15	0	0	0	0	478	490	
0	0	0	0	0	465	490	
1	0	0	0	0	453	491	
2	0	0	0	0	442	491	
3	0	0	0	0	432	491	
4	0	0	0	0	423	491	
5	0	0	0	0	418	491	
6	0	0	0	0	413	491	
7	0	0	0	0	410	490	
8	0	0	0	0	408	489	
9	0	0	0	0	408	489	
10	0	0	0	0	408	489	
11	0	0	0	0	410	489	
12	0	0	0	0	413	489	
13	0	0	0	0	415	490	
14	0	0	0	0	419	492	
15	0	0	0	0	423	495	
0	0	0	0	0	427	498	
1	0	0	0	0	429	501	
2	0	0	0	0	431	502	
3	0	0	0	0	433	503	
4	0	0	0	0	436	504	
5	0	0	0	0	438	504	
6	0	0	0	0	445	504	
7	0	0	0	0	461	504	
8	0	0	0	0	490	505	
9	0	0	0	0	537	505	
10	0	0	0	0	600	505	
11	0	0	0	0	672	504	
12	0	0	0	0	749	504	
13	0	0	0	0	823	504	
14	0	0	0	0	885	504	
15	0	0	0	0	931	503	
0	0	0	0	0	946	504	
1	0	0	0	0	945	503	
2	0	0	0	0	945	502	
3	0	0	0	0	912	502	
4	0	0	0	0	863	501	
5	0	0	0	0	801	501	
6	0	0	0	0	732	500	
7	0	0	0	0	662	499	
8	0	0	0	0	592	500	
9	0	0	0	0	525	501	
10	0	0	0	0	466	501	
11	0	0	0	0	416	501	
12	0	0	0	0	373	501	
13	0	0	0	0	339	501	
14	0	0	0	0	313	501	
15	0	0	0	0	297	502	
0	0	0	0	0	289	502	
1	0	0	0	0	287	502	
2	0	0	0	0	292	502	
3	0	0	0	0	304	504	
4	0	0	0	0	321	504	
5	0	0	0	0	343	504	
6	0	0	0	0	367	504	
7	0	0	0	0	395	504	
8	0	0	0	0	424	504	
9	0	0	0	0	451	504	
10	0	0	0	0	477	504	
11	0	0	0	0	498	504	
12	0	0	0	0	514	504	
13	0	0	0	0	525	504	
14	0	0	0	0	529	504	
15	0	0	0	0	530	504	
0	0	0	0	0	524	504	
1	0	0	0	0	515	504	
2	0	0	0	0	503	504	
3	0	0	0	0	487	504	
4	0	0	0	0	472	505	
5	0	0	0	0	455	505	
6	0	0	0	0	440	505	
7	0	0	0	0	427	505	
8	0	0	0	0	414	505	
9	0	0	0	0	403	505	
10	0	0	0	0	393	505	
11	0	0	0	0	387	505	
12	0	0	0	0	382	504	
13	0	0	0	0	382	505	
14	0	0	0	0	380	505	
15	0	0	0	0	381	504	
0	0	0	0	0	384	504	
1	0	0	0	0	386	503	
2	0	0	0	0	387	502	
3	0	0	0	0	390	502	
4	0	0	0	0	395	503	
5	0	0	0	0	398	504	
6	0	0	0	0	399	505	
7	0	0	0	0	401	508	
8	0	0	0	0	401	511	
9	0	0	0	0	402	513	
10	0	0	0	0	402	515	
11	0	0	0	0	401	516	
12	0	0	0	0	400	516	
13	0	0	0	0	400	516	
14	0	0	0	0	401	516	
15	0	0	0	0	407	516	
0	0	0	0	0	417	516	
1	0	0	0	0	436	516	
2	0	0	0	0	467	515	
3	0	0	0	0	509	515	
4	0	0	0	0	558	515	
5	0	0	0	0	610	514	
6	0	0	0	0	662	513	
7	0	0	0	0	705	513	
8	0	0	0	0	737	513	
9	0	0	0	0	754	512	
10	0	0	0	0	757	512	
11	0	0	0	0	746	511	
12	0	0	0	0	720	511	
13	0	0	0	0	684	510	
14	0	0	0	0	641	510	
15	0	0	0	0	595	510	
0	0	0	0	0	547	509	
1	0	0	0	0	502	509	
2	0	0	0	0	460	510	
3	0	0	0	0	423	510	
4	0	0	0	0	392	511	
5	0	0	0	0	367	511	
6	0	0	0	0	347	510	
7	0	0	0	0	331	510	
8	0	0	0	0	321	510	
9	0	0	0	0	316	510	
10	0	0	0	0	316	510	
11	0	0	0	0	320	511	
12	0	0	0	0	325	511	
13	0	0	0	0	334	511	
14	0	0	0	0	344	511	
15	0	0	0	0	357	511	
0	0	0	0	0	372	511	
1	0	0	0	0	387	511	
2	0	0	0	0	401	510	
3	0	0	0	0	413	510	
4	0	0	0	0	424	509	
5	0	0	0	0	432	509	
6	0	0	0	0	437	509	
7	0	0	0	0	439	508	
8	0	0	0	0	440	508	
9	0	0	0	0	438	508	
10	0	0	0	0	433	507	
11	0	0	0	0	428	507	
12	0	0	0	0	423	507	
13	0	0	0	0	417	507	
14	0	0	0	0	411	507	
15	0	0	0	0	406	507	
0	0	0	0	0	402	507	
1	0	0	0	0	399	506	
2	0	0	0	0	395	505	
3	0	0	0	0	393	505	
4	0	0	0	0	391	504	
5	0	0	0	0	389	504	
6	0	0	0	0	387	504	
7	0	0	0	0	387	502	
8	0	0	0	0	387	502	
9	0	0	0	0	386	501	
10	0	0	0	0	387	500	
11	0	0	0	0	388	499	
12	0	0	0	0	391	498	
13	0	0	0	0	393	497	
14	0	0	0	0	394	497	
15	0	0	0	0	396	498	
0	0	0	0	0	398	498	
1	0	0	0	0	400	500	
2	0	0	0	0	399	502	
3	0	0	0	0	399	504	
4	0	0	0	0	400	505	
5	0	0	0	0	400	505	
6	0	0	0	0	400	504	
7	0	0	0	0	400	503	
8	0	0	0	0	403	501	
9	0	0	0	0	405	499	
10	0	0	0	0	409	497	
11	0	0	0	0	415	496	
12	0	0	0	0	423	495	
13	0	0	0	0	435	493	
14	0	0	0	0	448	491	
15	0	0	0	0	464	489	
0	0	0	0	0	481	487	
1	0	0	0	0	493	485	
2	0	0	0	0	505	483	
3	0	0	0	0	515	482	
4	0	0	0	0	519	480	
5	0	0	0	0	520	479	
6	0	0	0	0	519	477	
7	0	0	0	0	513	476	
8	0	0	0	0	505	475	
9	0	0	0	0	496	473	
10	0	0	0	0	484	472	
11	0	0	0	0	474	471	
12	0	0	0	0	463	471	
13	0	0	0	0	453	471	
14	0	0	0	0	446	470	
15	0	0	0	0	439	470	
0	0	0	0	0	434	469	
1	0	0	0	0	429	469	
2	0	0	0	0	425	468	
3	0	0	0	0	422	467	
4	0	0	0	0	419	467	
5	0	0	0	0	417	466	
6	0	0	0	0	416	466	
7	0	0	0	0	416	466	
8	0	0	0	0	417	465	
9	0	0	0	0	419	465	
10	0	0	0	0	419	464	
11	0	0	0	0	422	463	
12	0	0	0	0	423	463	
13	0	0	0	0	425	463	
14	0	0	0	0	427	462	
15	0	0	0	0	429	462	
0	0	0	0	0	431	461	
1	0	0	0	0	431	461	
2	0	0	0	0	433	460	
3	0	0	0	0	433	460	
4	0	0	0	0	433	460	
5	0	0	0	0	432	460	
6	0	0	0	0	432	459	
7	0	0	0	0	433	459	
8	0	0	0	0	435	459	
9	0	0	0	0	436	458	
10	0	0	0	0	436	458	
11	0	0	0	0	436	457	
12	0	0	0	0	435	457	
13	0	0	0	0	435	457	
14	0	0	0	0	436	456	
15	0	0	0	0	436	456	
0	0	0	0	0	437	456	
1	0	0	0	0	437	455	
2	0	0	0	0	435	455	
3	0	0	0	0	435	454	
4	0	0	0	0	435	454	
5	0	0	0	0	434	453	
6	0	0	0	0	435	452	
7	0	0	0	0	435	452	
8	0	0	0	0	435	453	
9	0	0	0	0	435	454	
10	0	0	0	0	434	455	
11	0	0	0	0	435	457	
12	0	0	0	0	436	459	
13	0	0	0	0	435	461	
14	0	0	0	0	436	463	
15	0	0	0	0	438	464	
0	0	0	0	0	439	464	
1	0	0	0	0	441	464	
2	0	0	0	0	443	463	
3	0	0	0	0	444	463	
4	0	0	0	0	446	463	
5	0	0	0	0	449	463	
6	0	0	0	0	452	463	
7	0	0	0	0	455	463	
8	0	0	0	0	461	463	
9	0	0	0	0	465	463	
10	0	0	0	0	468	463	
11	0	0	0	0	472	462	
12	0	0	0	0	475	461	
13	0	0	0	0	476	461	
14	0	0	0	0	477	460	
15	0	0	0	0	477	460	
0	0	0	0	0	475	461	
1	0	0	0	0	473	461	
2	0	0	0	0	472	460	
3	0	0	0	0	469	460	
4	0	0	0	0	469	459	
5	0	0	0	0	468	459	
6	0	0	0	0	467	459	
7	0	0	0	0	467	460	
8	0	0	0	0	465	461	
9	0	0	0	0	466	462	
10	0	0	0	0	467	462	
11	0	0	0	0	467	462	
12	0	0	0	0	468	463	
13	0	0	0	0	469	463	
14	0	0	0	0	470	464	
15	0	0	0	0	471	464	
0	0	0	0	0	471	465	
1	0	0	0	0	469	465	
2	0	0	0	0	468	466	
3	0	0	0	0	468	467	
4	0	0	0	0	468	467	
5	0	0	0	0	468	467	
6	0	0	0	0	468	468	
7	0	0	0	0	468	468	
8	0	0	0	0	467	468	
9	0	0	0	0	464	468	
10	0	0	0	0	460	469	
11	0	0	0	0	458	469	
12	0	0	0	0	456	470	
13	0	0	0	0	456	471	
14	0	0	0	0	455	471	
15	0	0	0	0	455	471	
0	0	0	0	0	455	471	
1	0	0	0	0	456	472	
2	0	0	0	0	457	472	
3	0	0	0	0	457	472	
4	0	0	0	0	457	472	
5	0	0	0	0	459	473	
6	0	0	0	0	459	473	
7	0	0	0	0	460	473	
8	0	0	0	0	462	473	
9	0	0	0	0	462	473	
10	0	0	0	0	461	474	
11	0	0	0	0	462	474	
12	0	0	0	0	463	474	
13	0	0	0	0	463	475	
14	0	0	0	0	463	474	
15	0	0	0	0	464	474	
0	0	0	0	0	466	474	
1	0	0	0	0	467	474	
2	0	0	0	0	468	475	
3	0	0	0	0	469	475	
4	0	0	0	0	470	476	
5	0	0	0	0	470	478	
6	0	0	0	0	469	480	
7	0	0	0	0	468	482	
8	0	0	0	0	467	484	
9	0	0	0	0	466	486	
10	0	0	0	0	465	487	
11	0	0	0	0	465	486	
12	0	0	0	0	466	486	
13	0	0	0	0	465	486	
14	0	0	0	0	467	486	
15	0	0	0	0	467	487	
0	0	0	0	0	468	487	
1	0	0	0	0	471	487	
2	0	0	0	0	473	488	
3	0	0	0	0	476	488	
4	0	0	0	0	478	489	
5	0	0	0	0	479	488	
6	0	0	0	0	478	488	
7	0	0	0	0	478	489	
8	0	0	0	0	477	489	
9	0	0	0	0	475	489	
10	0	0	0	0	474	490	
11	0	0	0	0	473	491	
12	0	0	0	0	473	492	
13	0	0	0	0	473	492	
14	0	0	0	0	472	493	
15	0	0	0	0	472	494	
0	0	0	0	0	473	496	
1	0	0	0	0	474	497	
2	0	0	0	0	476	499	
3	0	0	0	0	479	501	
4	0	0	0	0	480	503	
5	0	0	0	0	480	504	
6	0	0	0	0	480	505	
7	0	0	0	0	480	507	
8	0	0	0	0	479	508	
9	0	0	0	0	477	510	
10	0	0	0	0	478	512	
11	0	0	0	0	480	513	
12	0	0	0	0	483	515	
13	0	0	0	0	486	516	
14	0	0	0	0	487	518	
15	0	0	0	0	489	519	
0	0	0	0	0	490	520	
1	0	0	0	0	489	521	
2	0	0	0	0	487	522	
3	0	0	0	0	486	523	
4	0	0	0	0	485	524	
5	0	0	0	0	483	525	
6	0	0	0	0	482	526	
7	0	0	0	0	480	527	
8	0	0	0	0	481	527	
9	0	0	0	0	480	528	
10	0	0	0	0	479	529	
11	0	0	0	0	479	530	
12	0	0	0	0	480	531	
13	0	0	0	0	478	531	
14	0	0	0	0	478	532	
15	0	0	0	0	479	533	
0	0	0	0	0	479	533	
1	0	0	0	0	479	534	
2	0	0	0	0	479	535	
3	0	0	0	0	480	535	
4	0	0	0	0	481	536	
5	0	0	0	0	482	536	
6	0	0	0	0	485	535	
7	0	0	0	0	486	535	
8	0	0	0	0	486	534	
9	0	0	0	0	487	535	
10	0	0	0	0	488	535	
11	0	0	0	0	490	535	
12	0	0	0	0	492	536	
13	0	0	0	0	495	537	
14	0	0	0	0	496	539	
15	0	0	0	0	497	542	
0	0	0	0	0	499	544	
1	0	0	0	0	501	546	
2	0	0	0	0	503	547	
3	0	0	0	0	502	547	
4	0	0	0	0	500	547	
5	0	0	0	0	499	547	
6	0	0	0	0	499	547	
7	0	0	0	0	497	547	
8	0	0	0	0	496	547	
9	0	0	0	0	498	547	
10	0	0	0	0	501	547	
11	0	0	0	0	505	546	
12	0	0	0	0	508	546	
13	0	0	0	0	510	545	
14	0	0	0	0	513	545	
15	0	0	0	0	515	544	
0	0	0	0	0	517	543	
1	0	0	0	0	516	543	
2	0	0	0	0	516	542	
3	0	0	0	0	516	541	
4	0	0	0	0	515	540	
5	0	0	0	0	514	539	
6	0	0	0	0	513	538	
7	0	0	0	0	511	538	
8	0	0	0	0	512	537	
9	0	0	0	0	511	537	
10	0	0	0	0	510	537	
11	0	0	0	0	511	537	
12	0	0	0	0	511	536	
13	0	0	0	0	512	536	
14	0	0	0	0	512	535	
15	0	0	0	0	514	535	
0	0	0	0	0	515	534	
1	0	0	0	0	516	534	
2	0	0	0	0	515	534	
3	0	0	0	0	515	534	
4	0	0	0	0	516	533	
5	0	0	0	0	517	533	
6	0	0	0	0	516	532	
7	0	0	0	0	517	532	
8	0	0	0	0	518	531	
9	0	0	0	0	516	531	
10	0	0	0	0	514	530	
11	0	0	0	0	513	529	
12	0	0	0	0	512	529	
13	0	0	0	0	512	528	
14	0	0	0	0	512	527	
15	0	0	0	0	512	527	
0	0	0	0	0	512	527	
1	0	0	0	0	512	527	
2	0	0	0	0	512	526	
3	0	0	0	0	513	526	
4	0	0	0	0	516	526	
5	0	0	0	0	518	525	
6	0	0	0	0	520	524	
7	0	0	0	0	520	524	
8	0	0	0	0	519	523	
9	0	0	0	0	520	522	
10	0	0	0	0	519	522	
11	0	0	0	0	520	521	
12	0	0	0	0	521	519	
13	0	0	0	0	523	518	
14	0	0	0	0	523	515	
15	0	0	0	0	524	514	
0	0	0	0	0	524	514	
1	0	0	0	0	525	513	
2	0	0	0	0	524	513	
3	0	0	0	0	524	514	
4	0	0	0	0	523	516	
5	0	0	0	0	522	518	
6	0	0	0	0	521	519	
7	0	0	0	0	520	521	
8	0	0	0	0	520	521	
9	0	0	0	0	519	521	
10	0	0	0	0	518	521	
11	0	0	0	0	519	521	
12	0	0	0	0	519	521	
13	0	0	0	0	522	521	
14	0	0	0	0	527	521	
15	0	0	0	0	537	521	
0	0	0	0	0	551	521	
1	0	0	0	0	570	521	
2	0	0	0	0	595	521	
3	0	0	0	0	623	520	
4	0	0	0	0	655	520	
5	0	0	0	0	685	520	
6	0	0	0	0	709	519	
7	0	0	0	0	729	519	
8	0	0	0	0	740	519	
9	0	0	0	0	745	518	
10	0	0	0	0	741	518	
11	0	0	0	0	732	517	
12	0	0	0	0	718	516	
13	0	0	0	0	700	515	
14	0	0	0	0	679	515	
15	0	0	0	0	657	515	
0	0	0	0	0	635	515	
1	0	0	0	0	615	515	
2	0	0	0	0	596	515	
3	0	0	0	0	580	514	
4	0	0	0	0	567	514	
5	0	0	0	0	554	514	
6	0	0	0	0	544	514	
7	0	0	0	0	536	513	
8	0	0	0	0	532	513	
9	0	0	0	0	532	513	
10	0	0	0	0	533	513	
11	0	0	0	0	536	512	
12	0	0	0	0	541	512	
13	0	0	0	0	548	511	
14	0	0	0	0	553	511	
15	0	0	0	0	559	511	
0	0	0	0	0	566	510	
1	0	0	0	0	570	509	
2	0	0	0	0	573	508	
3	0	0	0	0	575	508	
4	0	0	0	0	574	507	
5	0	0	0	0	574	507	
6	0	0	0	0	572	506	
7	0	0	0	0	570	506	
8	0	0	0	0	568	505	
9	0	0	0	0	563	505	
10	0	0	0	0	559	504	
11	0	0	0	0	554	504	
12	0	0	0	0	548	503	
13	0	0	0	0	543	502	
14	0	0	0	0	539	502	
15	0	0	0	0	535	501	
0	0	0	0	0	531	500	
1	0	0	0	0	526	498	
2	0	0	0	0	523	497	
3	0	0	0	0	519	495	
4	0	0	0	0	518	494	
5	0	0	0	0	517	493	
6	0	0	0	0	517	492	
7	0	0	0	0	517	492	
8	0	0	0	0	518	493	
9	0	0	0	0	519	495	
10	0	0	0	0	520	497	
11	0	0	0	0	523	499	
12	0	0	0	0	526	500	
13	0	0	0	0	527	501	
14	0	0	0	0	527	502	
15	0	0	0	0	528	502	
0	0	0	0	0	529	503	
1	0	0	0	0	531	503	
2	0	0	0	0	536	504	
3	0	0	0	0	549	504	
4	0	0	0	0	569	504	
5	0	0	0	0	599	504	
6	0	0	0	0	634	504	
7	0	0	0	0	671	504	
8	0	0	0	0	710	504	
9	0	0	0	0	743	503	
10	0	0	0	0	772	504	
11	0	0	0	0	791	503	
12	0	0	0	0	798	503	
13	0	0	0	0	796	503	
14	0	0	0	0	783	502	
15	0	0	0	0	762	502	
0	0	0	0	0	735	500	
1	0	0	0	0	704	499	
2	0	0	0	0	671	499	
3	0	0	0	0	637	498	
4	0	0	0	0	605	498	
5	0	0	0	0	576	499	
6	0	0	0	0	550	499	
7	0	0	0	0	527	497	
8	0	0	0	0	508	497	
9	0	0	0	0	492	497	
10	0	0	0	0	478	497	
11	0	0	0	0	470	497	
12	0	0	0	0	463	496	
13	0	0	0	0	460	496	
14	0	0	0	0	460	496	
15	0	0	0	0	462	496	
0	0	0	0	0	468	496	
1	0	0	0	0	475	495	
2	0	0	0	0	484	495	
3	0	0	0	0	495	495	
4	0	0	0	0	506	494	
5	0	0	0	0	515	493	
6	0	0	0	0	521	493	
7	0	0	0	0	524	492	
8	0	0	0	0	528	492	
9	0	0	0	0	529	491	
10	0	0	0	0	527	491	
11	0	0	0	0	525	491	
12	0	0	0	0	521	490	
13	0	0	0	0	517	490	
14	0	0	0	0	511	490	
15	0	0	0	0	503	489	
0	0	0	0	0	495	489	
1	0	0	0	0	489	489	
2	0	0	0	0	482	489	
3	0	0	0	0	476	488	
4	0	0	0	0	471	488	
5	0	0	0	0	467	487	
6	0	0	0	0	464	486	
7	0	0	0	0	462	484	
8	0	0	0	0	459	484	
9	0	0	0	0	455	483	
10	0	0	0	0	453	483	
11	0	0	0	0	451	482	
12	0	0	0	0	451	482	
13	0	0	0	0	451	484	
14	0	0	0	0	451	486	
15	0	0	0	0	452	487	
0	0	0	0	0	454	489	
1	0	0	0	0	456	491	
2	0	0	0	0	458	492	
3	0	0	0	0	460	493	
4	0	0	0	0	464	493	
5	0	0	0	0	468	494	
6	0	0	0	0	478	495	
7	0	0	0	0	493	495	
8	0	0	0	0	516	495	
9	0	0	0	0	548	495	
10	0	0	0	0	588	495	
11	0	0	0	0	634	495	
12	0	0	0	0	677	495	
13	0	0	0	0	716	495	
14	0	0	0	0	745	494	
15	0	0	0	0	765	495	
0	0	0	0	0	771	494	
1	0	0	0	0	766	494	
2	0	0	0	0	750	494	
3	0	0	0	0	725	493	
4	0	0	0	0	694	492	
5	0	0	0	0	656	491	
6	0	0	0	0	616	490	
7	0	0	0	0	578	490	
8	0	0	0	0	543	490	
9	0	0	0	0	511	490	
10	0	0	0	0	483	490	
11	0	0	0	0	460	490	
12	0	0	0	0	441	489	
13	0	0	0	0	428	490	
14	0	0	0	0	419	490	
15	0	0	0	0	413	489	
0	0	0	0	0	410	489	
1	0	0	0	0	408	489	
2	0	0	0	0	410	489	
3	0	0	0	0	414	488	
4	0	0	0	0	422	489	
5	0	0	0	0	432	488	
6	0	0	0	0	443	487	
7	0	0	0	0	452	487	
8	0	0	0	0	462	487	
9	0	0	0	0	472	486	
10	0	0	0	0	481	485	
11	0	0	0	0	489	484	
12	0	0	0	0	495	483	
13	0	0	0	0	497	483	
14	0	0	0	0	498	482	
15	0	0	0	0	497	481	
0	0	0	0	0	495	481	
1	0	0	0	0	491	480	
2	0	0	0	0	484	479	
3	0	0	0	0	479	478	
4	0	0	0	0	472	478	
5	0	0	0	0	465	477	
6	0	0	0	0	459	476	
7	0	0	0	0	455	474	
8	0	0	0	0	454	473	
9	0	0	0	0	451	472	
10	0	0	0	0	448	471	
11	0	0	0	0	446	470	
12	0	0	0	0	444	468	
13	0	0	0	0	441	466	
14	0	0	0	0	441	465	
15	0	0	0	0	441	463	
0	0	0	0	0	441	462	
1	0	0	0	0	440	461	
2	0	0	0	0	439	459	
3	0	0	0	0	438	458	
4	0	0	0	0	438	458	
5	0	0	0	0	439	459	
6	0	0	0	0	440	460	
7	0	0	0	0	442	462	
8	0	0	0	0	443	462	
9	0	0	0	0	444	463	
10	0	0	0	0	444	462	
11	0	0	0	0	446	462	
12	0	0	0	0	451	462	
13	0	0	0	0	462	462	
14	0	0	0	0	480	461	
15	0	0	0	0	508	461	
0	0	0	0	0	543	460	
1	0	0	0	0	584	460	
2	0	0	0	0	628	460	
3	0	0	0	0	670	460	
4	0	0	0	0	705	459	
5	0	0	0	0	731	459	
6	0	0	0	0	744	458	
7	0	0	0	0	747	458	
8	0	0	0	0	738	458	
9	0	0	0	0	718	457	
10	0	0	0	0	691	456	
11	0	0	0	0	657	456	
12	0	0	0	0	621	455	
13	0	0	0	0	584	455	
14	0	0	0	0	548	455	
15	0	0	0	0	517	456	
0	0	0	0	0	489	456	
1	0	0	0	0	462	457	
2	0	0	0	0	439	457	
3	0	0	0	0	420	457	
4	0	0	0	0	405	459	
5	0	0	0	0	393	459	
6	0	0	0	0	383	459	
7	0	0	0	0	379	460	
8	0	0	0	0	379	461	
9	0	0	0	0	380	462	
10	0	0	0	0	387	462	
11	0	0	0	0	396	463	
12	0	0	0	0	407	463	
13	0	0	0	0	418	463	
14	0	0	0	0	429	464	
15	0	0	0	0	442	464	
0	0	0	0	0	454	464	
1	0	0	0	0	465	465	
2	0	0	0	0	474	465	
3	0	0	0	0	480	465	
4	0	0	0	0	486	466	
5	0	0	0	0	487	466	
6	0	0	0	0	484	466	
7	0	0	0	0	481	466	
8	0	0	0	0	474	466	
9	0	0	0	0	468	466	
10	0	0	0	0	460	466	
11	0	0	0	0	452	467	
12	0	0	0	0	445	467	
13	0	0	0	0	436	467	
14	0	0	0	0	430	468	
15	0	0	0	0	425	468	
0	0	0	0	0	423	468	
1	0	0	0	0	423	468	
2	0	0	0	0	423	469	
3	0	0	0	0	424	469	
4	0	0	0	0	424	470	
5	0	0	0	0	425	470	
6	0	0	0	0	426	470	
7	0	0	0	0	425	470	
8	0	0	0	0	427	469	
9	0	0	0	0	429	469	
10	0	0	0	0	430	468	
11	0	0	0	0	431	468	
12	0	0	0	0	434	468	
13	0	0	0	0	434	468	
14	0	0	0	0	432	467	
15	0	0	0	0	432	468	
0	0	0	0	0	432	470	
1	0	0	0	0	432	473	
2	0	0	0	0	434	477	
3	0	0	0	0	435	480	
4	0	0	0	0	437	481	
5	0	0	0	0	439	482	
6	0	0	0	0	440	482	
7	0	0	0	0	443	482	
8	0	0	0	0	448	483	
9	0	0	0	0	457	482	
10	0	0	0	0	475	483	
11	0	0	0	0	499	483	
12	0	0	0	0	532	482	
13	0	0	0	0	571	482	
14	0	0	0	0	614	482	
15	0	0	0	0	657	481	
0	0	0	0	0	695	481	
1	0	0	0	0	723	481	
2	0	0	0	0	739	481	
3	0	0	0	0	740	481	
4	0	0	0	0	731	481	
5	0	0	0	0	711	481	
6	0	0	0	0	682	481	
7	0	0	0	0	648	480	
8	0	0	0	0	610	480	
9	0	0	0	0	572	480	
10	0	0	0	0	534	480	
11	0	0	0	0	500	481	
12	0	0	0	0	471	482	
13	0	0	0	0	444	482	
14	0	0	0	0	423	483	
15	0	0	0	0	407	483	
0	0	0	0	0	395	484	
1	0	0	0	0	385	485	
2	0	0	0	0	380	485	
3	0	0	0	0	379	486	
4	0	0	0	0	381	487	
5	0	0	0	0	387	488	
6	0	0	0	0	395	488	
7	0	0	0	0	405	489	
8	0	0	0	0	418	490	
9	0	0	0	0	432	490	
10	0	0	0	0	444	491	
11	0	0	0	0	455	491	
12	0	0	0	0	465	492	
13	0	0	0	0	472	492	
14	0	0	0	0	479	492	
15	0	0	0	0	486	492	
0	0	0	0	0	488	493	
1	0	0	0	0	487	492	
2	0	0	0	0	486	492	
3	0	0	0	0	483	492	
4	0	0	0	0	479	493	
5	0	0	0	0	473	493	
6	0	0	0	0	467	493	
7	0	0	0	0	462	493	
8	0	0	0	0	457	493	
9	0	0	0	0	453	494	
10	0	0	0	0	448	494	
11	0	0	0	0	444	494	
12	0	0	0	0	440	494	
13	0	0	0	0	439	495	
14	0	0	0	0	438	494	
15	0	0	0	0	437	494	
0	0	0	0	0	436	494	
1	0	0	0	0	436	494	
2	0	0	0	0	437	494	
3	0	0	0	0	439	494	
4	0	0	0	0	441	494	
5	0	0	0	0	443	493	
6	0	0	0	0	445	492	
7	0	0	0	0	446	492	
8	0	0	0	0	448	491	
9	0	0	0	0	450	490	
10	0	0	0	0	452	491	
11	0	0	0	0	453	491	
12	0	0	0	0	454	492	
13	0	0	0	0	455	493	
14	0	0	0	0	455	495	
15	0	0	0	0	455	496	
0	0	0	0	0	454	499	
1	0	0	0	0	451	500	
2	0	0	0	0	450	500	
3	0	0	0	0	450	499	
4	0	0	0	0	450	499	
5	0	0	0	0	452	498	
6	0	0	0	0	457	497	
7	0	0	0	0	468	496	
8	0	0	0	0	488	496	
9	0	0	0	0	516	496	
10	0	0	0	0	556	495	
11	0	0	0	0	600	495	
12	0	0	0	0	651	494	
13	0	0	0	0	700	493	
14	0	0	0	0	745	493	
15	0	0	0	0	780	492	
0	0	0	0	0	803	491	
1	0	0	0	0	813	492	
2	0	0	0	0	810	491	
3	0	0	0	0	794	491	
4	0	0	0	0	769	490	
5	0	0	0	0	734	489	
6	0	0	0	0	694	489	
7	0	0	0	0	652	489	
8	0	0	0	0	611	489	
9	0	0	0	0	571	489	
10	0	0	0	0	535	490	
11	0	0	0	0	503	490	
12	0	0	0	0	477	491	
13	0	0	0	0	453	491	
14	0	0	0	0	433	491	
15	0	0	0	0	419	491	
0	0	0	0	0	410	491	
1	0	0	0	0	405	491	
2	0	0	0	0	406	492	
3	0	0	0	0	413	492	
4	0	0	0	0	423	492	
5	0	0	0	0	435	492	
6	0	0	0	0	448	493	
7	0	0	0	0	463	493	
8	0	0	0	0	479	493	
9	0	0	0	0	495	493	
10	0	0	0	0	510	493	
11	0	0	0	0	522	493	
12	0	0	0	0	532	494	
13	0	0	0	0	540	494	
14	0	0	0	0	545	494	
15	0	0	0	0	547	494	
0	0	0	0	0	545	494	
1	0	0	0	0	540	494	
2	0	0	0	0	535	495	
3	0	0	0	0	528	495	
4	0	0	0	0	520	496	
5	0	0	0	0	511	496	
6	0	0	0	0	502	496	
7	0	0	0	0	494	497	
8	0	0	0	0	486	497	
9	0	0	0	0	480	497	
10	0	0	0	0	473	497	
11	0	0	0	0	468	497	
12	0	0	0	0	465	496	
13	0	0	0	0	462	496	
14	0	0	0	0	460	496	
15	0	0	0	0	460	495	
0	0	0	0	0	460	495	
1	0	0	0	0	460	494	
2	0	0	0	0	462	492	
3	0	0	0	0	464	491	
4	0	0	0	0	466	489	
5	0	0	0	0	467	489	
6	0	0	0	0	468	489	
7	0	0	0	0	470	489	
8	0	0	0	0	473	489	
9	0	0	0	0	475	490	
10	0	0	0	0	477	491	
11	0	0	0	0	479	494	
12	0	0	0	0	480	496	
13	0	0	0	0	482	497	
14	0	0	0	0	483	498	
15	0	0	0	0	484	498	
0	0	0	0	0	486	498	
